100 10000
0 57 97
20 54 9
1 9 12
8 60 34
31 34 83
32 36 59
17 19 1
16 99 10
45 64 8
7 33 16
28 32 53
28 94 50
71 95 45
60 98 62
21 37 51
37 54 66
16 27 20
3 74 94
67 85 90
25 75 34
23 93 15
46 98 37
11 61 11
2 79 39
22 52 61
46 72 99
81 94 56
27 66 33
3 93 41
45 52 40
33 67 79
78 92 19
16 45 44
20 40 54
22 58 55
60 61 51
39 49 27
3 34 20
11 28 37
36 91 97
50 89 63
10 93 4
67 74 62
11 70 27
14 46 26
80 98 83
72 78 37
43 45 40
45 74 63
55 62 35
27 86 53
34 90 5
1 55 46
45 96 12
4 81 82
15 37 85
5 11 29
13 40 96
17 45 25
7 53 93
15 24 83
24 94 28
13 48 5
52 57 80
4 74 4
38 81 43
51 75 40
42 81 33
65 99 2
47 84 45
62 83 23
3 51 67
1 42 67
47 53 86
2 86 95
18 95 83
41 70 99
12 71 79
30 38 29
65 71 96
3 35 81
26 48 66
44 88 73
73 94 32
63 80 81
4 89 9
11 87 64
49 83 99
6 9 58
29 50 36
9 59 39
70 76 45
1 88 11
61 77 68
50 97 100
42 56 34
22 69 60
68 81 17
38 82 88
46 72 77
45 52 31
4 89 40
16 45 42
28 94 35
45 52 84
10 93 74
1 55 16
73 94 73
38 81 71
42 56 24
68 81 12
26 48 72
26 48 33
61 77 35
11 61 62
73 94 90
2 86 10
22 58 81
45 52 61
71 95 57
7 33 25
71 95 79
1 55 99
38 81 18
16 45 5
4 89 47
26 48 95
38 81 48
38 81 97
52 57 94
67 74 62
1 42 75
27 66 4
39 49 79
45 74 22
67 74 88
11 61 63
7 33 98
27 66 28
2 86 89
13 40 52
27 66 71
7 33 16
11 61 47
60 98 31
73 94 31
0 57 19
68 81 84
23 93 56
11 61 84
22 58 53
68 81 72
73 94 84
7 53 6
60 98 49
20 54 3
0 57 1
16 99 87
45 52 58
63 80 8
23 93 94
34 90 88
46 72 75
20 54 46
33 67 76
15 24 11
6 9 47
16 99 24
28 94 79
18 95 24
31 34 24
27 86 40
4 81 12
28 94 4
3 93 43
25 75 77
46 72 40
17 45 60
23 93 29
0 57 41
47 53 50
11 28 62
0 57 76
1 42 26
16 45 19
1 88 100
27 86 56
4 74 73
70 76 3
73 94 50
0 57 73
27 86 1
0 57 7
4 81 27
27 86 79
23 93 50
1 9 10
0 57 11
0 57 30
23 93 58
7 33 17
3 93 63
45 52 28
62 83 53
18 95 52
37 54 18
28 32 83
0 57 81
17 19 91
28 32 76
4 89 76
27 66 90
31 34 9
73 94 95
11 28 46
1 9 36
11 61 33
38 81 29
70 76 81
45 52 35
17 45 35
20 54 9
3 93 80
4 81 27
21 37 53
4 89 78
45 74 70
23 93 92
6 9 7
1 9 13
23 93 13
4 81 41
0 57 72
1 9 83
10 93 7
31 34 81
27 86 96
18 95 70
7 53 74
2 86 61
47 53 8
1 9 75
20 54 59
38 81 58
25 75 22
26 48 54
33 67 40
39 49 50
67 85 38
73 94 58
3 93 92
73 94 2
45 52 76
38 81 31
23 93 32
16 45 34
73 94 91
0 57 17
11 87 79
73 94 4
50 89 23
11 87 99
7 33 14
38 81 87
23 93 45
27 66 73
39 49 94
1 55 100
3 74 61
73 94 57
42 81 11
2 86 44
68 81 84
0 57 67
27 66 55
7 53 82
2 86 59
73 94 64
23 93 69
20 54 57
42 56 31
52 57 94
13 40 68
47 53 57
68 81 16
17 45 66
43 45 99
28 94 2
27 86 2
20 54 88
67 74 75
2 86 17
46 72 75
1 9 34
1 42 67
22 58 23
11 28 91
15 24 88
11 61 88
11 87 97
1 9 81
38 81 12
43 45 7
7 33 26
55 62 83
15 24 38
7 53 88
67 74 21
15 24 65
3 34 65
73 94 68
7 33 31
31 34 67
38 81 73
4 81 6
7 33 89
3 74 57
67 85 56
1 9 99
11 28 91
16 45 17
27 86 39
27 66 57
16 99 75
6 9 89
73 94 74
7 33 86
27 86 53
20 54 22
11 28 56
42 81 55
81 94 5
6 9 60
71 95 2
11 70 84
11 28 15
12 71 84
27 86 79
1 42 61
65 71 4
65 99 84
38 81 85
1 9 84
16 45 9
16 45 62
33 67 71
38 82 5
28 32 65
1 9 89
71 95 98
11 87 7
27 86 37
4 74 89
73 94 75
11 28 2
30 38 31
67 85 34
7 53 99
3 93 94
61 77 25
70 76 27
15 24 78
1 9 76
15 24 71
71 95 60
16 45 53
68 81 79
2 86 63
9 59 59
28 94 51
30 38 19
38 81 86
44 88 96
47 53 24
15 24 2
3 74 88
4 81 53
27 86 49
2 86 15
1 9 18
23 93 98
20 40 92
11 28 7
3 34 32
65 99 20
31 34 23
73 94 54
38 81 21
15 24 33
17 45 60
8 60 16
38 81 27
23 93 29
73 94 20
20 54 66
1 9 76
42 81 16
1 88 59
27 66 89
34 90 50
11 70 36
18 95 21
17 19 94
4 74 100
27 86 41
16 45 85
73 94 51
70 76 38
14 46 40
4 81 6
51 75 1
3 93 40
9 59 61
73 94 14
4 89 83
1 9 16
3 74 33
4 74 60
38 81 28
23 93 40
4 81 44
20 54 46
68 81 78
15 24 38
65 99 100
26 48 61
3 74 91
27 86 91
23 93 20
7 33 10
15 24 1
4 89 64
15 24 44
11 87 29
18 95 41
60 61 14
73 94 2
12 71 73
16 99 40
71 95 16
7 33 17
26 48 78
0 57 30
51 75 74
38 81 22
0 57 35
68 81 72
7 33 81
20 40 81
11 61 20
0 57 45
16 45 85
33 67 90
1 9 17
1 9 46
26 48 92
43 45 89
18 95 30
67 85 28
42 56 85
11 70 87
17 45 87
47 53 95
3 93 61
2 86 51
4 81 43
3 35 9
55 62 71
44 88 97
20 54 32
6 9 47
42 81 43
28 94 54
18 95 57
6 9 80
20 54 16
6 9 97
67 74 44
27 86 24
3 35 35
28 94 75
26 48 45
15 24 81
73 94 11
0 57 58
7 53 17
8 60 98
45 52 72
73 94 48
0 57 93
1 9 17
27 86 9
43 45 74
7 33 9
71 95 7
45 52 97
34 90 20
73 94 23
12 71 93
4 81 47
50 89 61
28 94 61
0 57 34
0 57 49
15 24 19
3 93 72
27 66 96
20 54 71
21 37 10
7 33 73
11 28 85
38 81 18
0 57 40
4 81 82
17 19 4
11 28 87
16 45 66
1 9 38
34 90 92
2 86 90
3 93 55
50 89 88
20 54 65
18 95 36
3 74 30
33 67 69
71 95 29
11 28 29
15 24 83
68 81 82
1 55 47
67 85 91
50 89 21
73 94 70
3 34 32
27 66 12
17 19 75
7 33 18
42 56 2
23 93 63
1 9 17
23 93 94
20 54 10
16 45 26
1 42 82
27 86 60
36 91 73
27 66 76
11 28 88
71 95 19
3 74 67
16 99 58
50 89 56
4 81 58
30 38 13
44 88 89
71 95 49
15 24 28
17 45 70
44 88 83
78 92 12
30 38 11
78 92 40
12 71 27
16 45 2
73 94 53
22 58 57
11 87 71
8 60 98
46 98 7
16 45 37
68 81 95
16 99 65
16 45 75
16 45 19
34 90 95
4 81 100
38 81 10
15 24 72
20 54 71
68 81 98
28 32 57
11 70 92
23 93 61
7 33 3
67 74 76
22 58 12
17 45 9
15 24 80
15 24 55
38 81 32
67 85 52
68 81 56
3 93 47
4 74 55
4 74 86
15 37 97
11 61 51
38 81 1
4 81 41
38 81 13
42 81 72
68 81 2
67 74 75
0 57 64
6 9 59
0 57 36
27 66 5
1 9 83
18 95 48
45 64 59
23 93 40
47 53 66
42 81 88
13 48 45
43 45 45
73 94 91
4 81 76
31 34 87
18 95 79
30 38 99
42 56 29
68 81 33
1 9 100
0 57 91
1 42 1
23 93 18
7 33 21
68 81 68
60 61 48
1 9 61
18 95 8
73 94 23
28 32 28
1 55 80
8 60 93
31 34 72
5 11 87
27 86 98
24 94 61
11 61 30
26 48 2
73 94 44
73 94 30
73 94 85
0 57 31
4 89 51
73 94 71
15 24 4
4 89 17
0 57 30
11 61 8
70 76 22
7 33 65
51 75 60
2 86 4
73 94 76
55 62 33
73 94 62
71 95 75
61 77 76
16 99 47
0 57 31
23 93 30
27 86 1
9 59 51
15 24 72
22 58 86
1 42 79
11 87 51
30 38 19
11 87 21
38 81 94
30 38 89
27 86 95
10 93 93
3 74 95
12 71 20
1 9 91
60 61 79
36 91 31
26 48 11
17 45 29
11 61 4
14 46 9
46 98 74
2 86 41
36 91 42
1 9 19
38 81 91
3 93 94
20 54 85
73 94 81
16 45 22
12 71 29
8 60 33
13 48 42
81 94 10
52 57 18
1 55 41
23 93 99
67 74 46
34 90 69
4 81 46
6 9 86
16 27 76
7 53 14
67 85 66
15 24 28
1 9 25
33 67 96
11 28 77
73 94 95
73 94 35
38 81 15
0 57 38
28 94 64
22 58 93
4 74 48
63 80 87
18 95 61
11 87 39
6 9 16
49 83 70
1 9 79
2 86 7
23 93 2
67 85 84
10 93 38
71 95 55
18 95 37
2 86 71
16 45 33
0 57 98
46 98 51
3 93 89
23 93 22
47 53 23
34 90 27
68 81 53
2 79 72
20 54 19
71 95 18
12 71 81
0 57 89
65 71 48
3 34 56
62 83 98
4 89 90
1 9 42
23 93 50
16 99 84
12 71 13
2 86 2
6 9 29
16 27 63
10 93 93
0 57 15
2 86 6
73 94 71
12 71 18
68 81 84
45 52 10
68 81 67
28 94 66
23 93 97
31 34 100
67 74 16
11 87 79
0 57 94
38 81 78
38 81 89
15 24 82
67 74 6
10 93 37
3 34 76
27 86 16
11 70 46
73 94 22
0 57 5
2 86 17
38 81 48
71 95 9
45 52 23
60 98 99
27 86 55
11 28 76
18 95 3
23 93 69
43 45 41
3 34 21
33 67 37
27 86 93
20 54 89
16 99 53
8 60 42
63 80 92
27 66 40
34 90 83
32 36 53
80 98 28
3 74 74
17 19 65
60 98 46
71 95 24
11 70 1
23 93 13
7 33 96
18 95 24
8 60 81
1 9 79
45 96 79
67 74 52
55 62 13
34 90 83
7 33 73
2 86 24
2 86 19
38 81 63
42 81 15
4 89 74
81 94 91
1 9 72
0 57 20
39 49 100
31 34 40
26 48 78
12 71 39
18 95 31
62 83 39
27 66 45
27 66 82
4 81 38
4 89 62
26 48 70
43 45 65
30 38 20
16 99 14
34 90 83
73 94 50
27 86 66
42 81 50
31 34 20
0 57 47
43 45 46
73 94 83
11 28 15
23 93 87
18 95 39
1 42 56
4 81 83
1 9 94
65 99 31
38 81 51
38 81 13
27 86 79
73 94 66
26 48 59
12 71 8
1 9 84
23 93 17
34 90 53
62 83 99
15 37 48
23 93 52
26 48 66
1 9 49
4 89 82
73 94 8
70 76 59
2 79 73
7 33 95
15 24 25
14 46 64
73 94 20
38 81 54
73 94 84
15 24 63
23 93 17
38 81 75
37 54 77
33 67 80
27 66 55
2 86 93
4 89 29
15 24 70
55 62 2
67 85 42
23 93 83
22 58 69
33 67 67
71 95 61
16 99 81
38 81 12
36 91 38
43 45 76
4 89 94
23 93 31
38 81 75
3 74 80
1 9 70
34 90 29
68 81 97
10 93 33
23 93 6
42 56 35
38 81 84
73 94 43
52 57 86
23 93 97
28 32 13
10 93 7
23 93 33
44 88 6
39 49 76
23 93 48
46 72 61
37 54 4
16 99 30
47 84 41
45 74 20
38 81 35
28 94 49
4 81 63
38 82 51
73 94 70
32 36 25
73 94 89
2 86 41
12 71 20
4 81 12
1 88 4
38 81 64
2 86 96
4 81 38
73 94 58
45 74 4
31 34 76
33 67 56
20 54 10
33 67 92
61 77 68
67 74 63
23 93 29
27 66 76
15 24 59
10 93 38
73 94 58
3 93 77
20 54 100
52 57 9
3 74 8
81 94 64
11 87 83
4 81 28
11 87 86
45 52 98
7 33 64
38 81 92
65 71 90
28 94 16
3 51 17
7 53 100
73 94 65
8 60 40
67 85 63
26 48 24
0 57 36
16 45 99
20 54 94
5 11 71
17 19 17
3 34 7
6 9 45
47 84 96
38 81 43
0 57 100
11 28 86
47 53 41
52 57 59
73 94 82
11 87 16
1 55 7
34 90 63
0 57 24
15 24 19
52 57 9
11 28 41
20 40 4
23 93 85
43 45 35
3 74 57
60 98 60
16 99 86
1 9 98
52 57 36
37 54 87
78 92 67
28 94 3
0 57 37
15 37 52
23 93 37
39 49 50
45 52 17
7 33 8
33 67 28
23 93 74
44 88 24
7 53 60
17 19 75
68 81 44
4 89 64
46 72 32
27 86 58
4 81 88
0 57 62
31 34 59
61 77 51
2 86 47
0 57 96
52 57 19
7 53 71
23 93 86
27 66 24
17 45 76
15 24 24
16 99 59
38 82 32
44 88 33
10 93 8
8 60 84
1 9 35
27 66 38
15 37 65
50 89 45
46 98 77
26 48 50
73 94 81
20 54 79
7 53 47
4 89 86
2 86 70
27 66 47
7 53 25
67 74 99
33 67 63
65 99 53
23 93 49
28 94 53
23 93 33
27 86 63
0 57 8
3 74 48
27 66 92
16 45 25
0 57 61
18 95 44
4 89 30
73 94 15
20 54 18
73 94 66
4 81 42
22 58 45
71 95 20
11 61 62
42 56 7
52 57 35
67 85 75
1 9 52
46 72 48
7 33 58
45 52 34
1 88 38
42 81 44
28 94 24
27 86 9
23 93 7
73 94 11
28 94 80
31 34 44
7 33 91
42 81 71
44 88 57
15 24 77
1 55 72
12 71 25
1 55 69
47 53 3
7 33 5
43 45 96
73 94 9
51 75 77
26 48 9
28 94 49
22 58 12
36 91 78
8 60 47
1 9 22
28 32 61
20 54 95
42 56 86
47 53 76
47 53 51
2 86 72
16 45 60
15 24 28
11 28 17
4 89 24
73 94 44
7 53 45
11 61 79
73 94 55
51 75 8
1 9 64
1 9 12
23 93 78
73 94 45
23 93 70
51 75 52
11 61 5
7 53 26
1 9 23
50 97 30
3 93 74
2 86 28
7 33 16
45 52 40
73 94 31
38 82 58
3 34 86
62 83 67
42 81 86
68 81 15
30 38 82
27 66 47
11 28 8
22 58 29
16 45 30
27 86 98
30 38 91
52 57 69
0 57 78
11 28 85
43 45 22
4 81 97
26 48 92
28 94 41
71 95 80
61 77 28
50 89 34
11 61 28
3 74 93
4 81 88
3 74 22
27 86 33
2 86 49
71 95 66
42 56 36
6 9 25
3 34 45
11 28 97
44 88 72
34 90 36
73 94 23
4 81 65
16 99 30
61 77 84
67 85 8
78 92 96
0 57 26
43 45 97
62 83 62
3 34 60
17 45 10
34 90 62
81 94 77
18 95 93
11 61 28
3 74 32
1 9 90
0 57 9
61 77 39
31 34 76
3 74 70
7 53 78
7 53 17
3 93 83
38 81 65
1 9 46
11 61 41
11 61 15
18 95 98
0 57 39
1 88 14
52 57 65
73 94 51
73 94 2
11 87 92
38 81 4
13 40 39
7 53 58
38 81 49
81 94 16
52 57 84
68 81 75
27 66 85
33 67 54
15 37 44
23 93 21
27 66 79
14 46 20
25 75 24
4 89 47
27 86 75
23 93 16
4 89 48
73 94 88
70 76 40
0 57 28
14 46 14
62 83 74
71 95 27
67 85 2
42 56 73
1 88 81
65 71 39
46 72 2
63 80 38
15 24 95
52 57 84
45 52 97
27 86 65
3 74 54
45 52 10
2 86 47
55 62 74
18 95 60
45 52 95
2 86 2
7 33 8
11 61 56
11 61 85
1 55 30
0 57 76
7 33 56
18 95 79
28 94 81
2 86 7
18 95 51
78 92 56
15 24 24
31 34 37
7 33 12
31 34 73
15 24 59
23 93 42
45 74 37
81 94 16
17 45 22
38 82 99
12 71 84
20 54 69
27 86 1
27 86 78
73 94 25
4 81 10
12 71 12
4 74 79
23 93 53
17 45 39
38 82 36
51 75 3
65 71 50
4 74 27
23 93 77
1 9 80
31 34 11
22 58 23
11 28 49
4 89 55
1 9 74
68 81 84
23 93 22
16 99 54
27 66 77
20 54 77
1 9 64
3 74 96
8 60 3
73 94 39
7 53 38
1 55 38
11 28 25
7 33 96
16 99 43
18 95 34
5 11 70
27 66 71
11 70 93
16 99 88
4 81 47
7 33 82
0 57 6
61 77 50
1 9 39
73 94 32
1 9 59
31 34 48
10 93 47
17 45 58
67 74 90
3 93 92
2 86 90
7 53 68
45 52 39
15 37 56
67 85 25
0 57 81
26 48 27
3 93 13
73 94 94
60 98 22
42 81 42
10 93 4
15 24 62
2 86 9
60 98 59
23 93 21
15 24 81
1 42 95
15 37 98
31 34 9
2 86 2
30 38 44
30 38 83
4 81 50
11 28 93
27 86 64
67 85 74
11 87 45
71 95 42
0 57 37
42 56 59
62 83 93
3 74 18
42 81 21
30 38 90
73 94 59
44 88 24
37 54 62
80 98 31
1 9 4
2 86 26
38 81 20
7 53 65
6 9 69
2 86 99
68 81 80
11 61 6
33 67 39
36 91 71
28 94 57
4 81 77
2 86 8
73 94 46
20 54 61
6 9 31
3 74 57
52 57 5
9 59 43
22 58 58
20 54 30
17 45 62
17 45 76
71 95 8
7 53 44
11 61 15
1 55 69
17 45 64
1 55 68
16 45 30
20 54 99
7 33 92
27 66 13
73 94 24
22 58 26
27 86 36
1 9 12
68 81 8
20 40 68
18 95 6
73 94 8
42 56 71
39 49 66
67 74 48
65 71 92
23 93 3
38 81 32
22 58 26
3 74 40
11 28 29
61 77 2
46 72 48
71 95 52
27 86 12
1 9 55
78 92 5
71 95 24
11 61 87
13 40 46
1 88 45
8 60 51
46 72 27
11 28 46
0 57 30
13 48 96
68 81 39
2 86 26
60 98 50
45 96 42
8 60 57
15 24 58
52 57 5
2 86 40
33 67 94
45 52 68
55 62 43
45 52 51
27 86 93
68 81 59
68 81 28
60 61 8
38 81 56
46 72 84
26 48 40
27 86 78
71 95 60
18 95 62
20 54 10
44 88 66
1 9 93
2 86 12
12 71 44
68 81 23
12 71 83
2 86 33
26 48 18
2 86 49
10 93 28
38 81 99
44 88 93
22 58 10
20 54 93
27 86 14
16 99 22
4 89 83
68 81 83
0 57 73
11 28 59
27 86 77
67 74 100
21 37 88
28 94 58
0 57 23
14 46 23
25 75 57
24 94 2
68 81 25
23 93 90
5 11 60
3 93 63
22 58 8
45 52 35
4 81 69
20 54 75
26 48 49
45 96 14
1 9 25
78 92 74
28 94 64
42 56 29
11 28 13
23 93 18
71 95 73
34 90 66
11 61 20
23 93 73
45 52 41
15 37 62
45 52 93
18 95 72
71 95 7
17 19 91
78 92 76
37 54 18
73 94 27
4 89 29
73 94 33
15 24 9
7 53 85
4 74 86
28 94 2
51 75 21
1 9 71
44 88 57
20 54 71
38 82 19
73 94 96
20 54 19
0 57 25
23 93 36
61 77 29
73 94 41
4 89 17
11 87 80
3 34 86
0 57 2
16 99 92
47 84 38
38 81 58
73 94 8
42 56 90
23 93 18
0 57 45
13 40 80
12 71 94
73 94 82
0 57 10
10 93 35
28 32 65
23 93 38
28 94 61
43 45 16
73 94 92
2 86 15
17 45 71
8 60 51
43 45 26
73 94 59
8 60 13
68 81 76
4 89 15
27 66 95
71 95 76
1 55 18
27 86 82
27 66 33
29 50 46
3 34 7
38 81 57
23 93 25
26 48 74
73 94 100
1 88 26
44 88 28
15 24 98
3 93 89
7 53 96
12 71 65
11 28 94
45 52 100
1 9 20
73 94 60
15 24 66
16 45 64
3 74 10
3 74 16
23 93 8
50 89 94
45 52 76
12 71 97
61 77 96
1 55 91
81 94 89
4 89 95
1 42 49
73 94 100
28 94 88
26 48 62
49 83 28
7 33 43
68 81 68
4 89 63
67 74 9
1 9 27
20 54 48
20 54 83
27 66 42
67 85 27
43 45 44
16 99 71
3 74 97
44 88 68
13 40 42
67 74 57
42 56 7
10 93 86
13 40 48
15 24 99
27 86 6
15 24 37
15 24 35
0 57 33
20 40 43
12 71 85
50 89 80
17 45 48
68 81 84
43 45 19
71 95 16
28 94 47
15 24 13
45 52 15
11 61 41
81 94 70
1 55 43
61 77 16
33 67 69
70 76 75
73 94 63
12 71 99
16 99 43
73 94 17
23 93 77
11 61 48
23 93 60
38 81 38
73 94 52
45 52 57
38 81 21
11 28 77
0 57 13
3 34 93
20 54 6
23 93 29
4 89 57
16 99 14
46 72 52
28 32 59
28 32 9
71 95 84
15 24 16
27 66 59
4 81 1
73 94 35
26 48 64
50 89 92
47 53 13
65 99 47
15 24 91
27 66 27
4 81 62
26 48 83
1 9 17
67 85 37
1 9 96
20 40 63
73 94 17
71 95 70
27 86 66
1 9 91
12 71 18
3 93 83
60 61 58
28 94 33
16 99 93
0 57 31
12 71 48
23 93 27
14 46 93
3 51 74
32 36 40
11 28 99
18 95 98
45 52 38
38 81 30
20 54 99
15 24 36
70 76 8
73 94 69
28 94 49
17 19 48
68 81 40
0 57 97
47 53 96
0 57 65
42 81 61
0 57 20
45 52 34
73 94 33
12 71 11
4 81 45
11 87 50
36 91 95
1 9 30
1 42 59
50 89 62
30 38 57
67 74 51
33 67 72
1 9 22
0 57 2
16 45 87
34 90 73
46 72 50
9 59 6
23 93 94
73 94 79
27 66 43
60 98 71
11 87 10
45 52 12
2 86 97
1 9 88
18 95 37
3 74 40
0 57 74
78 92 5
7 33 19
11 61 88
11 87 4
17 19 13
61 77 30
17 19 8
27 66 32
30 38 52
3 74 44
39 49 53
39 49 55
20 54 1
68 81 23
15 24 10
73 94 79
26 48 29
38 81 21
15 37 8
10 93 96
38 81 78
17 19 97
23 93 54
17 19 59
10 93 51
73 94 6
71 95 59
3 51 28
7 33 17
71 95 67
15 24 6
71 95 81
27 66 27
7 33 37
52 57 56
15 24 97
3 51 87
73 94 86
43 45 40
4 81 39
26 48 92
73 94 7
3 74 77
45 74 36
20 54 13
42 81 33
46 72 18
73 94 92
61 77 80
15 24 4
38 81 62
0 57 46
1 9 36
41 70 88
27 86 39
61 77 86
20 54 16
11 28 37
45 52 40
9 59 1
4 74 5
67 74 42
4 81 16
4 89 96
42 56 64
73 94 82
7 53 31
68 81 42
3 93 21
23 93 20
7 33 92
73 94 32
16 99 32
46 98 6
43 45 53
11 28 14
68 81 33
8 60 81
0 57 83
2 86 28
68 81 11
45 96 88
4 81 73
1 9 14
1 9 91
15 24 38
27 86 24
18 95 22
11 61 24
68 81 25
38 81 32
71 95 89
38 81 11
7 53 6
3 74 74
60 61 33
10 93 51
11 70 18
1 88 15
43 45 50
32 36 87
28 94 32
67 85 45
43 45 75
4 74 40
73 94 77
20 54 34
1 55 92
11 61 82
17 45 5
16 99 49
3 34 83
11 28 24
1 55 57
4 74 94
26 48 72
67 74 8
15 24 16
28 32 74
67 85 1
31 34 45
2 86 92
4 74 44
20 54 55
16 99 55
33 67 90
3 93 62
55 62 67
0 57 18
30 38 18
12 71 87
11 28 33
33 67 91
18 95 2
38 81 7
60 98 32
17 19 60
15 24 96
68 81 17
27 86 15
71 95 95
28 94 43
38 81 41
15 24 72
44 88 33
11 87 71
2 86 78
26 48 78
55 62 21
43 45 54
45 52 99
31 34 97
52 57 61
30 38 29
23 93 22
23 93 19
23 93 70
20 40 70
0 57 35
7 33 57
15 24 47
45 96 4
73 94 7
11 87 4
7 33 7
2 86 53
26 48 85
11 87 39
4 81 32
26 48 24
32 36 40
10 93 66
1 55 44
67 85 11
11 28 11
1 9 69
23 93 55
23 93 55
73 94 91
15 24 71
50 89 36
18 95 35
31 34 11
23 93 80
42 81 21
38 81 72
20 54 92
11 87 58
4 81 99
67 85 88
4 89 55
4 89 85
71 95 87
21 37 78
1 9 51
61 77 35
27 66 82
9 59 21
15 24 59
73 94 15
73 94 95
20 40 67
1 42 73
71 95 9
45 74 62
60 98 7
4 81 90
22 52 60
67 74 70
7 33 76
73 94 90
28 32 88
67 85 45
44 88 13
31 34 21
0 57 75
15 24 84
0 57 21
4 89 60
67 74 83
4 81 18
21 37 74
3 35 26
61 77 69
27 66 30
34 90 19
39 49 67
38 81 93
67 85 37
12 71 44
17 45 50
38 81 6
42 81 30
27 66 47
2 86 30
16 99 41
32 36 72
20 54 33
15 24 51
11 28 14
12 71 42
4 81 10
73 94 4
15 24 19
1 55 14
36 91 17
7 33 42
1 9 2
12 71 77
28 32 44
42 81 32
2 86 22
67 74 48
11 28 61
7 53 37
38 81 58
20 54 19
16 45 3
31 34 62
11 70 18
12 71 34
11 28 56
73 94 1
55 62 39
11 87 33
1 9 23
28 94 65
80 98 65
38 81 58
15 37 13
46 72 41
38 82 23
43 45 74
23 93 45
34 90 35
10 93 48
17 19 53
26 48 78
34 90 61
16 99 65
42 56 91
78 92 38
72 78 58
28 94 8
73 94 20
68 81 12
4 81 84
18 95 52
70 76 60
4 81 26
4 81 10
47 53 11
23 93 7
30 38 85
0 57 69
73 94 45
73 94 36
67 85 27
32 36 13
55 62 50
12 71 85
0 57 56
15 24 9
68 81 35
7 33 8
1 9 89
42 56 37
33 67 37
27 66 93
1 88 98
1 9 79
73 94 44
68 81 87
8 60 89
4 89 56
23 93 36
55 62 54
45 52 68
4 81 18
61 77 39
7 33 83
71 95 16
42 81 98
4 89 31
28 32 44
50 89 29
11 28 50
12 71 34
4 89 58
4 74 59
73 94 41
10 93 95
1 9 83
68 81 18
14 46 58
11 28 34
17 45 22
61 77 94
4 81 80
28 32 53
73 94 39
68 81 33
67 85 19
23 93 67
73 94 93
3 93 67
26 48 81
23 93 75
12 71 70
46 72 5
68 81 11
16 45 75
71 95 9
18 95 14
1 55 90
27 66 22
78 92 79
18 95 26
7 53 35
0 57 16
1 55 8
16 99 44
73 94 19
27 86 32
23 93 58
12 71 71
20 54 53
7 33 40
31 34 72
12 71 93
31 34 58
4 81 49
4 89 61
30 38 85
55 62 2
38 81 46
38 81 5
27 66 75
1 9 92
7 53 92
42 56 89
4 81 90
0 57 100
23 93 24
39 49 81
26 48 90
25 75 67
2 86 45
11 61 6
42 81 76
27 86 13
28 94 100
25 75 46
45 52 76
47 53 74
27 86 46
18 95 5
67 74 6
9 59 45
73 94 21
11 61 76
12 71 13
17 45 37
67 85 95
61 77 81
6 9 80
81 94 87
2 86 81
3 51 90
11 61 45
15 24 79
43 45 84
15 37 89
27 86 72
3 74 57
3 34 82
18 95 53
45 52 82
1 42 43
38 82 79
67 74 84
22 58 5
39 49 55
11 28 30
3 74 20
38 81 65
73 94 81
4 81 12
38 81 53
73 94 64
16 45 95
43 45 69
12 71 36
71 95 81
23 93 39
14 46 75
1 88 59
67 74 34
23 93 87
2 86 91
18 95 45
67 85 78
23 93 53
11 87 22
68 81 9
38 81 59
78 92 69
27 66 20
15 37 71
28 94 17
73 94 23
0 57 45
27 66 17
11 28 59
4 89 49
27 86 46
13 40 6
16 45 86
7 53 34
7 33 15
67 85 65
4 81 76
30 38 23
15 37 91
4 81 66
65 71 27
27 86 23
15 24 72
47 53 13
15 24 89
27 86 86
10 93 58
2 86 86
23 93 72
8 60 10
52 57 14
12 71 26
18 95 42
22 58 61
38 81 68
73 94 24
61 77 95
15 24 15
67 74 42
33 67 34
13 40 54
20 54 97
12 71 32
26 48 55
67 74 95
39 49 4
23 93 82
16 45 45
12 71 44
24 94 56
45 52 9
7 33 100
70 76 19
8 60 40
61 77 22
12 71 21
3 93 35
15 24 91
11 28 96
13 48 9
31 34 21
55 62 82
14 46 57
16 45 6
20 54 30
4 74 80
73 94 60
13 48 96
73 94 36
11 28 35
1 9 94
62 83 38
68 81 76
38 81 84
34 90 48
45 52 32
18 95 52
15 37 75
73 94 53
44 88 41
38 81 37
4 89 46
42 81 77
31 34 58
42 56 79
7 53 44
17 45 62
7 53 78
15 37 64
17 45 90
52 57 34
67 85 89
38 81 75
42 56 32
80 98 70
7 53 40
20 54 55
4 81 3
36 91 58
15 24 31
1 9 49
23 93 27
3 93 78
38 82 1
3 74 51
11 87 61
4 89 38
42 81 73
4 89 37
7 53 15
43 45 5
2 86 78
28 94 14
43 45 46
60 61 65
68 81 6
38 81 24
14 46 30
67 74 39
38 82 76
17 45 53
7 33 88
15 37 20
67 85 88
65 99 80
67 85 42
23 93 29
3 35 44
61 77 84
20 40 77
67 74 4
16 99 88
0 57 92
0 57 32
11 28 2
55 62 32
73 94 23
1 9 17
45 52 21
60 98 94
7 33 71
2 86 36
47 53 61
27 86 87
0 57 69
23 93 96
45 52 39
4 89 30
23 93 3
67 85 26
23 93 13
7 53 24
10 93 78
71 95 45
31 34 6
20 54 48
44 88 43
15 24 3
65 71 67
42 81 67
7 33 98
51 75 71
4 89 3
4 89 72
2 86 99
45 52 92
38 82 12
12 71 46
4 89 34
0 57 15
67 74 79
43 45 90
3 93 68
46 98 69
47 53 22
4 89 72
26 48 7
2 86 15
1 42 40
28 32 55
67 74 55
73 94 47
15 24 85
4 89 65
23 93 99
17 45 92
11 28 28
3 93 6
27 66 48
33 67 91
38 81 20
44 88 92
18 95 73
7 53 64
28 94 23
52 57 15
3 34 89
15 24 84
20 54 62
43 45 95
73 94 25
43 45 77
44 88 2
43 45 59
0 57 86
49 83 4
2 86 67
0 57 70
1 9 87
11 28 75
27 86 76
12 71 61
12 71 88
1 9 23
0 57 98
10 93 39
16 99 3
20 54 17
42 56 86
26 48 33
23 93 76
3 51 54
78 92 51
28 32 87
70 76 80
7 53 93
65 71 28
46 98 53
42 81 2
7 53 85
11 61 96
27 66 63
0 57 99
27 66 79
45 52 79
71 95 27
30 38 64
70 76 68
71 95 81
70 76 56
16 45 98
7 33 6
7 33 87
27 66 72
38 81 22
47 53 41
2 86 69
18 95 99
6 9 43
4 81 66
16 45 68
18 95 59
73 94 57
46 72 76
22 58 76
1 9 28
70 76 100
12 71 85
4 81 78
68 81 21
23 93 10
1 55 89
45 52 1
73 94 63
38 81 14
16 45 6
26 48 87
0 57 94
46 98 58
22 58 89
20 40 95
38 81 74
30 38 92
7 53 33
26 48 9
27 86 19
21 37 85
73 94 81
10 93 65
1 55 63
4 74 31
52 57 92
17 19 62
7 53 46
0 57 37
45 52 5
23 93 3
22 58 12
16 99 93
20 40 69
23 93 17
47 53 5
8 60 65
7 33 45
17 45 29
12 71 50
67 74 79
38 81 41
67 74 72
7 53 50
70 76 16
18 95 39
38 82 17
23 93 84
52 57 65
1 9 22
2 86 14
11 61 75
16 99 94
4 89 3
33 67 35
23 93 26
22 58 54
27 66 9
11 61 71
38 81 75
30 38 71
28 32 53
23 93 25
17 45 62
36 91 86
0 57 33
55 62 81
30 38 91
3 93 56
7 53 18
12 71 33
4 81 84
8 60 42
0 57 85
15 24 55
36 91 29
11 28 31
63 80 11
67 74 20
38 81 19
12 71 96
27 66 29
3 74 13
2 86 44
17 19 83
15 24 59
12 71 82
46 98 5
11 28 25
11 61 89
7 53 65
60 61 74
73 94 31
71 95 72
4 89 38
1 9 18
26 48 12
31 34 92
12 71 73
2 86 80
38 82 18
1 9 30
7 33 60
15 24 17
1 9 10
16 99 66
38 81 40
12 71 5
23 93 77
28 94 31
11 28 59
15 24 14
28 94 13
73 94 13
65 71 12
50 89 86
1 42 54
27 66 97
7 53 22
65 99 98
43 45 99
18 95 63
38 81 94
0 57 86
27 86 89
43 45 46
46 98 45
15 24 97
1 55 79
15 24 94
68 81 39
52 57 7
27 66 90
26 48 27
20 54 87
68 81 34
25 75 80
17 45 51
2 86 71
33 67 28
0 57 36
1 55 96
26 48 58
20 54 93
3 34 94
38 81 23
61 77 37
0 57 48
18 95 46
0 57 21
27 66 8
73 94 71
15 24 54
73 94 32
37 54 16
30 38 21
1 9 25
7 53 51
13 40 94
46 72 26
38 82 82
11 28 92
11 61 33
27 86 58
3 51 86
25 75 75
33 67 84
30 38 38
8 60 95
0 57 76
18 95 16
16 45 34
78 92 95
67 85 66
70 76 82
67 85 36
61 77 21
42 56 71
39 49 78
73 94 72
71 95 11
67 85 55
46 72 39
34 90 15
2 86 3
16 45 52
15 24 1
0 57 57
43 45 52
44 88 44
11 87 21
44 88 29
38 81 42
38 81 38
70 76 53
27 86 59
2 86 53
47 84 80
60 98 90
15 24 73
30 38 64
68 81 26
67 85 30
0 57 69
65 99 94
44 88 1
7 53 58
73 94 44
20 54 83
67 85 87
28 32 97
27 66 24
7 33 65
73 94 91
45 74 52
1 9 67
0 57 41
4 81 9
70 76 10
73 94 99
73 94 8
30 38 7
23 93 43
16 45 50
26 48 42
22 58 39
23 93 5
71 95 55
73 94 88
27 86 33
73 94 11
61 77 32
16 99 47
11 61 53
1 88 55
11 61 67
15 24 41
67 85 21
26 48 95
73 94 28
0 57 35
2 86 78
45 52 27
73 94 25
38 81 88
16 45 33
17 45 85
2 86 25
3 74 18
43 45 66
38 81 31
12 71 82
1 9 31
27 86 85
22 58 64
52 57 2
27 86 43
4 89 84
28 94 30
15 37 62
43 45 73
51 75 37
61 77 19
1 9 38
52 57 12
23 93 32
16 45 97
1 9 53
10 93 81
23 93 23
23 93 4
71 95 29
17 45 94
12 71 54
38 81 20
6 9 78
45 52 17
23 93 13
7 33 33
12 71 100
0 57 55
42 56 1
45 52 92
34 90 28
9 59 92
18 95 22
43 45 7
42 56 48
23 93 41
13 48 16
3 93 48
38 82 55
26 48 82
43 45 58
43 45 94
8 60 79
4 89 18
6 9 36
27 66 98
45 52 39
23 93 16
2 86 45
26 48 14
33 67 65
43 45 96
73 94 91
1 42 84
11 61 85
27 86 15
11 28 79
73 94 10
42 56 32
3 74 15
26 48 42
18 95 45
42 81 43
68 81 59
67 74 31
45 52 84
2 86 60
50 89 8
16 45 16
38 81 11
22 58 87
11 28 66
39 49 99
27 86 53
16 45 60
28 94 46
31 34 96
11 87 68
3 51 57
4 74 8
0 57 48
73 94 32
70 76 42
1 42 92
68 81 50
27 66 35
4 81 8
60 61 45
17 45 80
11 61 12
62 83 46
50 89 35
38 81 10
16 45 18
73 94 40
23 93 28
23 93 22
12 71 96
11 87 51
22 58 75
42 81 31
23 93 51
39 49 47
16 45 80
73 94 63
16 99 72
17 45 47
6 9 19
7 33 41
11 61 72
38 81 38
70 76 7
1 42 5
11 28 62
22 58 91
1 42 55
42 81 59
11 28 73
21 37 84
11 28 81
7 53 26
34 90 51
7 53 33
11 70 71
45 52 65
27 86 30
26 48 79
1 55 32
71 95 72
2 86 74
15 24 88
1 9 43
38 81 86
70 76 100
73 94 20
15 24 18
47 84 24
42 81 97
15 24 46
55 62 30
20 54 18
52 57 34
11 28 59
46 72 67
22 58 46
38 81 61
0 57 41
0 57 77
13 40 89
73 94 14
46 72 61
8 60 46
23 93 18
15 24 68
61 77 81
4 89 23
68 81 86
33 67 43
20 54 24
42 81 1
50 89 90
30 38 54
27 86 91
51 75 43
33 67 80
2 86 77
34 90 81
73 94 88
7 33 93
0 57 67
23 93 21
46 72 87
15 24 92
2 86 34
30 38 52
16 99 8
18 95 52
15 24 44
11 61 2
12 71 21
3 93 24
1 9 85
28 94 58
46 72 61
33 67 76
12 71 71
16 99 90
38 81 46
15 24 65
11 87 15
17 45 62
43 45 77
18 95 26
63 80 33
16 45 92
73 94 16
1 9 82
45 52 20
16 99 9
42 56 56
11 87 46
38 81 79
43 45 22
67 74 77
3 93 18
23 93 24
38 81 25
23 93 84
20 54 84
31 34 44
52 57 28
47 53 16
7 53 9
73 94 44
70 76 41
13 40 64
42 56 97
11 28 63
16 45 85
0 57 44
11 28 16
28 32 32
70 76 94
3 74 15
42 56 26
73 94 66
46 72 96
5 11 54
21 37 31
11 70 15
11 28 35
23 93 84
27 86 42
23 93 11
68 81 47
47 53 9
4 89 61
0 57 88
7 33 98
60 61 16
8 60 32
16 45 56
61 77 11
18 95 61
2 86 84
0 57 37
36 91 60
18 95 89
68 81 63
52 57 80
0 57 41
45 52 91
11 28 48
73 94 4
68 81 56
1 9 31
67 74 28
73 94 98
46 98 2
38 82 48
1 55 72
28 32 80
1 42 88
45 96 18
28 94 11
27 86 79
12 71 79
1 88 59
11 61 77
1 9 86
60 98 54
71 95 33
45 52 6
7 33 56
67 85 77
52 57 18
1 55 52
43 45 10
63 80 80
1 9 11
0 57 84
4 89 90
1 9 34
20 40 73
22 58 67
23 93 48
2 86 60
23 93 5
39 49 78
0 57 28
70 76 58
2 86 52
11 70 61
73 94 57
15 24 88
3 51 80
67 85 12
70 76 70
81 94 7
11 28 35
45 52 33
23 93 14
20 54 86
11 87 70
26 48 64
63 80 77
26 48 36
13 40 65
67 74 50
16 99 81
18 95 92
38 81 5
2 86 26
26 48 82
73 94 61
17 45 87
22 58 77
20 54 12
20 54 13
26 48 69
0 57 42
46 72 9
15 24 44
4 89 63
4 81 97
4 89 87
2 86 62
33 67 77
16 99 81
11 61 100
7 33 45
16 99 80
11 87 53
17 19 11
27 66 90
23 93 71
12 71 12
2 86 30
38 81 35
78 92 86
42 81 77
68 81 79
52 57 86
11 28 34
7 33 30
26 48 16
26 48 33
12 71 40
14 46 21
61 77 96
7 53 73
7 33 56
73 94 74
81 94 84
12 71 89
71 95 4
67 74 12
31 34 62
38 81 8
15 24 33
23 93 50
47 53 77
73 94 71
18 95 62
68 81 58
11 28 99
27 66 30
30 38 16
45 52 45
20 54 24
20 54 43
6 9 22
71 95 38
3 74 60
42 56 100
33 67 71
61 77 85
41 70 83
12 71 38
1 9 1
0 57 16
67 74 76
73 94 50
27 86 72
11 61 29
68 81 61
45 52 56
2 86 21
0 57 75
73 94 46
78 92 8
20 54 53
20 40 39
50 89 90
1 9 65
3 74 67
1 55 8
47 53 92
3 93 49
73 94 29
0 57 62
52 57 78
45 52 50
1 9 69
11 61 52
22 58 52
68 81 31
25 75 65
34 90 5
12 71 3
6 9 84
27 66 18
4 89 77
34 90 52
42 56 65
30 38 91
45 52 98
7 33 65
11 70 66
67 74 47
16 45 58
3 74 79
42 81 15
4 89 23
50 89 80
15 37 3
10 93 1
1 88 73
13 40 2
12 71 47
27 86 76
13 40 30
1 9 41
1 9 100
61 77 22
52 57 67
20 40 60
47 53 63
2 86 27
15 24 69
1 9 92
68 81 5
51 75 56
12 71 34
0 57 41
1 9 68
23 93 69
34 90 76
2 86 35
73 94 39
33 67 37
60 61 29
50 89 40
62 83 53
27 86 76
31 34 17
23 93 65
73 94 79
15 24 81
1 42 24
17 45 88
26 48 4
7 53 47
23 93 64
2 86 97
38 81 83
27 66 31
15 37 95
23 93 57
27 86 41
6 9 23
73 94 61
61 77 45
42 56 20
49 83 45
16 45 10
4 81 20
67 85 51
20 54 84
3 93 59
73 94 75
70 76 7
43 45 19
2 86 4
2 86 29
16 99 68
11 28 37
30 38 49
60 98 70
68 81 6
23 93 32
73 94 10
78 92 20
67 85 87
4 81 98
47 53 57
15 24 25
27 66 82
11 28 43
18 95 22
1 88 80
55 62 9
42 56 33
18 95 3
14 46 87
68 81 76
3 74 55
22 58 54
20 54 13
26 48 23
7 33 72
73 94 9
4 89 41
61 77 6
27 86 91
27 86 4
37 54 59
68 81 8
47 53 20
27 66 5
10 93 67
4 81 65
67 74 50
45 52 97
10 93 75
43 45 64
14 46 57
43 45 79
67 74 43
11 87 10
6 9 84
6 9 91
47 84 49
12 71 25
67 74 71
18 95 14
3 74 20
1 9 2
15 24 75
3 93 5
38 82 92
63 80 18
15 24 90
1 9 100
11 70 71
71 95 16
10 93 98
27 86 56
4 89 59
10 93 100
38 81 94
1 9 28
2 86 89
12 71 23
42 56 40
2 86 65
20 54 23
1 55 7
21 37 55
73 94 9
5 11 90
10 93 2
24 94 9
4 89 24
8 60 87
42 56 64
16 45 78
15 24 86
1 9 18
11 28 21
71 95 83
8 60 76
12 71 2
38 82 38
37 54 49
7 53 26
4 74 64
3 74 7
1 42 3
11 61 65
23 93 96
45 52 90
46 72 71
38 81 67
15 37 94
44 88 88
11 70 5
38 81 84
62 83 52
42 81 72
11 70 57
3 74 7
7 33 74
16 45 66
16 45 43
68 81 42
68 81 30
73 94 13
15 24 30
3 74 92
23 93 63
38 81 26
27 86 58
4 74 95
78 92 34
45 52 21
3 93 75
7 53 61
23 93 28
38 81 49
0 57 34
11 28 79
27 86 39
42 56 60
18 95 31
15 24 64
11 28 47
4 81 49
7 33 17
1 9 4
38 81 45
1 9 31
1 9 47
33 67 18
11 70 3
78 92 43
0 57 84
27 86 88
3 93 71
78 92 49
22 58 10
68 81 90
73 94 74
11 28 68
1 9 29
1 9 61
28 94 1
6 9 20
27 86 14
26 48 63
23 93 35
31 34 78
30 38 47
7 33 5
11 28 7
27 86 99
68 81 41
27 66 53
33 67 76
12 71 97
28 94 29
8 60 45
4 89 71
27 66 44
45 52 21
30 38 44
31 34 92
1 55 40
3 51 38
22 58 88
1 88 46
38 82 88
7 33 47
34 90 58
1 9 59
68 81 48
7 33 34
3 34 51
42 81 47
3 93 19
36 91 91
12 71 31
17 45 17
27 86 69
10 93 27
11 61 44
16 99 25
4 81 71
15 37 30
68 81 68
15 24 18
68 81 5
14 46 52
23 93 68
27 86 21
0 57 78
17 19 54
1 55 71
33 67 11
17 45 2
63 80 37
65 71 15
24 94 30
4 89 95
2 86 77
30 38 23
11 28 82
0 57 64
67 85 59
45 52 76
44 88 15
15 24 54
45 52 74
23 93 97
26 48 86
16 99 26
20 54 97
27 66 76
16 45 24
2 86 96
73 94 82
11 28 79
7 53 19
38 82 32
38 82 98
70 76 41
12 71 100
3 34 35
10 93 84
20 54 10
26 48 3
27 66 36
15 24 55
13 48 56
23 93 23
2 86 68
17 19 76
23 93 81
60 98 90
73 94 7
20 54 95
65 71 18
2 86 38
10 93 9
0 57 27
20 54 86
42 81 93
5 11 90
38 81 41
43 45 28
42 56 34
44 88 18
60 98 17
3 74 13
42 81 28
39 49 39
47 53 23
14 46 12
28 94 80
68 81 29
73 94 81
18 95 89
46 98 52
73 94 71
65 71 74
23 93 76
27 66 59
23 93 20
70 76 96
18 95 8
80 98 61
15 24 66
16 45 15
67 85 75
80 98 43
38 81 36
71 95 81
1 9 32
62 83 36
71 95 76
67 85 15
22 58 77
45 52 35
45 74 29
62 83 2
41 70 46
3 74 70
71 95 25
11 28 88
7 53 100
30 38 8
73 94 41
0 57 10
33 67 68
2 86 78
1 9 86
45 52 21
27 86 87
47 53 99
61 77 38
71 95 96
11 28 100
11 61 6
71 95 84
7 53 85
2 86 67
17 45 19
15 24 35
8 60 26
12 71 45
27 86 51
73 94 65
23 93 68
0 57 90
3 74 64
61 77 45
27 86 95
15 24 27
16 99 31
78 92 18
80 98 20
26 48 58
3 74 52
26 48 47
71 95 94
38 82 83
73 94 49
13 40 65
28 94 16
22 69 45
1 9 34
33 67 100
50 89 69
46 72 25
61 77 97
45 52 26
1 9 80
15 24 63
42 56 61
26 48 61
1 9 40
4 89 76
18 95 64
23 93 12
16 99 71
9 59 57
2 86 36
62 83 42
1 88 58
27 86 22
67 74 85
20 54 59
27 86 39
1 9 94
11 28 37
30 38 51
1 9 87
78 92 98
7 53 57
11 28 13
68 81 88
16 45 33
0 57 37
67 85 97
7 33 7
52 57 92
73 94 98
65 71 82
67 74 80
38 81 67
42 56 82
1 9 56
67 85 83
5 11 49
60 61 28
22 58 53
23 93 88
26 48 56
73 94 64
1 88 16
11 61 79
23 93 57
47 84 30
16 45 63
15 24 1
16 45 35
34 90 39
71 95 69
10 93 59
67 85 6
27 86 95
12 71 21
67 74 12
38 82 7
4 81 91
38 81 36
73 94 54
23 93 24
20 54 73
1 9 3
16 99 50
28 94 71
45 52 69
30 38 30
27 86 25
22 69 100
60 98 19
60 61 93
18 95 16
18 95 47
11 61 84
13 48 26
42 56 92
11 61 99
27 66 24
16 99 38
73 94 83
1 9 26
7 33 77
23 93 25
47 53 7
47 53 46
27 66 89
1 9 65
46 72 52
26 48 21
0 57 65
1 9 95
81 94 74
23 93 64
2 86 42
47 53 62
38 82 13
27 66 6
0 57 3
11 28 93
23 93 88
42 81 33
52 57 49
46 98 75
7 53 10
0 57 71
27 66 51
3 34 21
15 24 8
73 94 8
73 94 29
18 95 97
33 67 44
4 74 18
46 72 35
62 83 55
42 56 58
45 52 29
16 45 4
0 57 66
45 52 81
27 86 69
8 60 14
78 92 92
15 24 90
0 57 83
55 62 65
0 57 34
13 48 77
73 94 97
16 45 43
3 93 19
11 61 17
45 74 53
0 57 14
38 81 40
18 95 26
31 34 20
16 45 26
20 54 14
0 57 2
1 9 88
12 71 87
3 74 84
68 81 36
11 61 28
71 95 46
34 90 67
65 71 54
7 33 21
38 81 92
28 94 51
28 94 53
28 94 16
47 53 80
50 89 69
22 69 87
42 81 6
16 45 38
26 48 88
45 74 15
23 93 35
11 70 18
67 74 17
16 99 96
34 90 74
44 88 98
3 74 19
17 19 12
46 72 58
47 53 24
44 88 19
46 72 51
31 34 75
26 48 76
7 33 77
1 55 80
1 9 48
4 81 30
73 94 56
3 74 85
22 58 86
4 74 97
23 93 41
31 34 58
11 61 93
30 38 51
71 95 36
50 89 41
23 93 50
47 53 49
33 67 11
15 24 17
81 94 85
46 72 63
52 57 99
43 45 45
0 57 86
16 45 66
1 9 16
8 60 53
71 95 8
12 71 81
0 57 85
27 86 46
37 54 53
3 93 90
51 75 15
47 84 51
6 9 34
46 98 42
1 88 28
7 53 48
60 98 74
46 72 88
45 52 59
3 35 28
26 48 65
44 88 56
12 71 98
27 66 100
4 81 96
43 45 46
15 37 3
38 81 77
43 45 27
45 52 87
15 24 69
20 54 44
1 55 60
60 98 92
34 90 64
2 86 60
15 37 47
22 58 19
45 74 28
2 86 89
68 81 99
4 89 48
67 74 59
47 53 13
1 9 25
20 54 15
1 9 37
11 61 51
31 34 6
18 95 19
4 89 78
38 81 9
23 93 28
68 81 78
65 71 7
4 81 11
16 99 34
4 74 26
20 54 25
46 98 91
13 40 17
0 57 94
3 34 43
8 60 92
12 71 96
23 93 57
4 81 83
10 93 85
16 45 82
39 49 43
4 89 8
23 93 50
1 88 96
11 61 73
45 52 67
67 85 83
13 40 97
22 58 60
73 94 60
67 85 2
11 70 67
30 38 79
15 37 61
55 62 71
16 99 33
33 67 78
52 57 15
62 83 43
4 89 82
11 28 87
2 86 92
4 81 73
42 81 90
45 52 39
30 38 73
8 60 10
10 93 90
71 95 26
20 40 7
4 74 65
15 24 6
17 19 60
73 94 77
3 93 2
15 24 36
61 77 7
11 61 42
67 74 31
4 89 76
23 93 38
11 61 66
68 81 44
16 99 48
38 81 33
7 53 8
25 75 49
16 45 25
73 94 36
47 84 26
1 9 44
1 9 59
3 34 94
23 93 81
20 54 61
13 40 95
73 94 82
67 85 14
45 52 66
38 81 19
1 9 61
55 62 62
27 66 30
15 24 43
22 58 79
7 53 59
11 28 33
1 55 43
45 52 1
6 9 21
16 45 67
60 98 32
18 95 8
43 45 89
16 45 6
39 49 21
1 55 63
23 93 96
38 82 80
70 76 68
52 57 79
26 48 99
27 86 46
26 48 69
16 99 51
23 93 79
15 24 78
3 93 95
34 90 28
1 9 32
73 94 31
63 80 33
70 76 15
28 94 64
2 86 23
13 48 93
27 86 71
61 77 33
73 94 31
52 57 77
55 62 18
10 93 75
18 95 7
65 71 70
20 54 51
1 55 66
63 80 72
43 45 46
15 24 86
11 87 20
43 45 35
73 94 33
23 93 63
3 51 40
23 93 77
73 94 80
45 52 7
38 81 6
71 95 73
31 34 19
12 71 13
60 61 1
27 66 91
73 94 50
73 94 73
23 93 68
15 24 1
73 94 91
31 34 18
1 9 33
45 52 75
3 34 62
73 94 44
11 28 25
28 94 69
0 57 65
68 81 98
55 62 89
38 81 54
16 45 15
18 95 75
47 84 73
16 45 34
31 34 73
3 34 78
68 81 87
1 9 40
45 52 17
20 54 96
42 56 19
38 81 28
34 90 71
68 81 40
63 80 67
63 80 56
1 42 97
1 9 85
4 81 82
4 81 14
16 45 22
67 85 64
4 81 26
1 42 31
36 91 99
2 86 30
2 86 22
11 61 79
55 62 90
50 89 42
14 46 34
67 74 40
6 9 69
33 67 72
16 99 86
73 94 9
18 95 4
67 74 73
3 93 18
17 19 12
4 81 74
26 48 75
1 9 41
73 94 49
73 94 46
2 86 86
15 24 80
41 70 35
6 9 74
12 71 57
4 89 91
15 24 69
38 82 17
71 95 22
30 38 55
42 81 93
31 34 38
4 89 12
70 76 50
1 55 72
15 24 45
71 95 95
42 56 92
26 48 41
4 89 14
1 9 31
0 57 59
23 93 1
16 99 33
39 49 58
6 9 15
47 53 77
17 19 49
28 94 49
4 81 73
4 81 68
31 34 53
67 85 78
7 33 37
47 84 35
12 71 5
65 71 15
27 86 98
23 93 54
11 70 81
63 80 19
27 66 37
4 89 5
22 69 61
12 71 62
28 94 90
0 57 21
2 86 49
16 99 96
4 89 9
39 49 14
42 56 56
0 57 58
4 81 93
47 53 60
27 86 97
43 45 53
27 86 4
27 66 47
7 33 29
4 81 32
52 57 82
52 57 11
60 61 36
20 54 92
11 28 14
15 37 34
45 52 46
73 94 53
15 24 55
42 81 73
3 93 66
23 93 44
67 85 48
11 28 65
27 86 99
52 57 52
2 86 50
1 9 56
23 93 75
4 89 77
15 24 80
38 81 31
73 94 90
4 89 7
8 60 15
11 28 17
22 58 23
7 33 41
45 52 43
33 67 81
70 76 94
67 85 50
73 94 20
42 56 68
65 99 58
1 9 50
52 57 51
42 81 90
15 24 14
20 54 17
27 86 35
26 48 71
68 81 23
18 95 45
17 19 69
26 48 95
45 52 72
22 58 18
38 81 20
18 95 11
23 93 27
7 33 51
70 76 12
12 71 84
52 57 88
11 61 89
30 38 2
16 99 57
68 81 21
38 81 11
67 85 89
3 93 60
42 56 96
12 71 77
1 55 80
22 58 94
1 88 92
27 86 13
2 86 64
2 86 4
15 37 99
1 9 5
11 28 29
42 56 63
68 81 49
52 57 29
44 88 30
0 57 81
0 57 17
55 62 12
7 53 82
67 74 22
27 86 100
52 57 66
38 81 18
68 81 76
34 90 66
44 88 39
38 81 61
17 45 98
16 99 52
60 61 18
34 90 18
34 90 84
3 93 48
27 86 79
72 78 9
47 84 66
55 62 58
23 93 16
23 93 69
28 94 36
30 38 39
15 24 100
41 70 90
50 89 33
45 52 64
27 86 48
45 74 56
0 57 36
23 93 24
38 81 42
60 98 44
42 56 71
27 86 52
39 49 53
11 28 55
70 76 96
67 74 97
12 71 87
11 61 96
15 37 23
7 33 63
26 48 7
30 38 6
38 82 81
44 88 16
68 81 66
38 81 72
50 89 90
3 74 75
17 45 37
38 81 94
68 81 22
44 88 9
18 95 41
61 77 5
16 99 66
22 58 76
42 56 47
1 9 58
21 37 7
42 56 71
38 81 60
10 93 41
27 86 80
10 93 100
70 76 4
47 53 81
6 9 1
33 67 27
47 53 88
33 67 80
11 87 48
29 50 52
71 95 2
15 24 88
4 81 47
18 95 50
73 94 64
15 24 44
45 52 48
1 9 20
7 53 12
30 38 34
70 76 29
67 85 53
4 89 70
0 57 99
28 94 49
1 9 44
27 86 2
42 81 90
26 48 13
17 45 73
46 98 10
60 98 45
11 28 8
47 53 26
68 81 24
38 81 49
12 71 92
1 9 18
0 57 65
3 51 68
7 33 90
70 76 48
31 34 29
23 93 14
62 83 93
10 93 49
73 94 11
1 55 57
61 77 52
7 53 77
2 79 10
47 84 55
42 81 26
38 81 64
38 81 26
26 48 87
52 57 58
4 89 52
1 9 68
73 94 91
1 55 1
46 98 14
15 24 24
33 67 56
27 86 59
45 52 62
3 74 61
11 28 43
45 52 48
11 87 77
0 57 60
71 95 69
28 94 55
42 56 91
8 60 47
60 98 79
11 28 28
42 81 29
2 86 41
45 52 12
55 62 72
3 34 13
16 45 18
63 80 43
33 67 1
11 28 100
61 77 33
68 81 49
15 24 22
15 24 54
26 48 2
16 99 28
34 90 100
73 94 50
6 9 14
31 34 44
47 53 70
73 94 80
28 94 30
7 33 79
30 38 63
45 96 24
31 34 28
1 55 46
38 82 10
0 57 48
4 81 90
67 74 62
20 40 80
39 49 62
11 87 17
15 24 37
28 94 50
3 74 49
38 81 97
12 71 88
1 42 70
26 48 15
11 28 54
30 38 46
17 45 15
71 95 76
1 9 67
65 71 15
7 33 46
38 81 9
0 57 37
73 94 10
4 89 20
73 94 7
30 38 44
7 33 1
27 86 98
38 81 79
14 46 5
3 74 99
73 94 68
1 88 40
38 81 18
11 28 85
11 28 77
1 9 80
30 38 86
26 48 50
27 86 69
27 66 81
1 42 7
47 53 72
71 95 41
2 86 59
15 24 55
2 86 69
42 81 23
15 24 74
34 90 56
68 81 86
38 81 42
3 74 79
23 93 71
12 71 80
2 86 85
16 45 16
70 76 98
38 81 48
4 89 17
2 86 98
11 28 39
42 56 49
68 81 75
30 38 14
47 53 80
43 45 66
52 57 6
47 53 96
31 34 98
15 24 81
8 60 1
2 86 12
70 76 3
16 45 4
30 38 41
28 94 66
20 54 47
42 81 79
4 81 50
3 34 66
34 90 32
4 89 30
73 94 50
8 60 77
1 9 49
68 81 97
4 89 30
16 45 19
73 94 17
0 57 74
3 93 88
27 86 38
65 71 53
3 35 63
0 57 14
4 81 15
18 95 84
60 61 18
3 34 77
0 57 17
17 45 96
68 81 38
38 82 35
30 38 55
18 95 37
27 86 48
23 93 11
9 59 31
3 51 46
73 94 75
18 95 78
28 94 66
38 81 60
23 93 12
27 66 12
12 71 46
45 52 35
12 71 30
16 45 78
27 86 91
65 99 92
46 72 73
65 99 59
38 81 1
71 95 97
16 45 98
11 87 13
16 45 63
3 93 45
22 58 81
45 52 28
28 94 70
23 93 40
46 72 40
11 61 58
45 52 58
12 71 46
7 33 80
26 48 47
4 89 98
3 93 64
16 45 97
18 95 45
42 56 34
41 70 35
70 76 54
23 93 5
68 81 61
9 59 6
70 76 66
6 9 13
30 38 5
26 48 44
1 9 7
23 93 37
27 86 17
1 9 86
20 40 5
23 93 100
11 61 61
50 89 16
7 33 83
17 19 16
7 53 97
4 89 98
14 46 91
11 87 26
34 90 16
10 93 30
6 9 16
15 24 89
1 9 84
73 94 49
42 56 74
1 9 54
7 33 91
73 94 70
4 81 69
43 45 25
45 52 96
55 62 36
60 98 53
11 28 27
42 81 93
18 95 65
34 90 54
11 61 83
70 76 9
3 74 100
23 93 33
73 94 28
3 34 35
10 93 56
3 74 12
9 59 64
7 33 85
16 99 41
45 52 76
27 86 52
1 9 22
65 99 24
3 93 16
0 57 8
27 86 43
8 60 65
6 9 49
0 57 58
38 81 37
73 94 69
10 93 29
80 98 3
3 74 87
3 93 26
0 57 20
23 93 93
28 94 6
81 94 89
0 57 100
31 34 13
67 74 93
1 55 7
7 33 25
55 62 16
15 24 30
4 74 45
61 77 96
22 52 98
52 57 7
11 28 59
11 61 86
6 9 11
4 89 79
8 60 81
10 93 88
26 48 13
26 48 53
47 53 88
27 86 90
1 9 76
15 24 36
71 95 55
67 74 21
68 81 12
0 57 40
28 94 9
3 93 47
1 42 22
30 38 29
73 94 3
42 56 47
39 49 74
47 53 61
3 34 71
60 98 61
3 74 61
7 33 53
18 95 21
73 94 11
12 71 24
30 38 93
38 81 43
15 24 69
45 96 67
20 54 21
7 33 100
71 95 87
25 75 68
4 74 17
68 81 62
12 71 90
22 58 84
27 66 71
2 86 96
80 98 51
17 45 81
0 57 60
30 38 59
44 88 24
73 94 66
1 88 21
20 54 21
1 9 24
73 94 28
45 52 46
20 54 36
73 94 6
1 9 53
0 57 74
17 45 53
16 45 80
17 19 47
23 93 81
12 71 17
73 94 74
1 88 88
16 45 78
15 37 14
23 93 67
15 37 9
17 19 79
73 94 91
78 92 97
23 93 90
34 90 43
71 95 33
7 53 2
38 81 71
1 9 12
2 86 62
27 86 62
16 99 37
50 89 52
15 37 3
15 24 55
0 57 85
28 94 74
1 9 59
68 81 99
38 81 70
18 95 6
73 94 20
43 45 57
67 85 51
20 54 21
7 53 61
12 71 5
43 45 7
23 93 6
21 37 98
23 93 98
12 71 60
39 49 79
15 37 43
16 45 86
23 93 34
12 71 52
20 54 54
1 9 1
4 81 5
42 56 3
73 94 84
71 95 22
46 98 80
4 81 95
62 83 42
0 57 88
45 52 70
68 81 47
7 53 50
60 98 88
28 32 83
71 95 12
23 93 95
1 55 13
38 81 43
6 9 27
7 53 63
1 9 24
4 89 26
42 81 78
45 52 29
12 71 81
42 56 52
43 45 69
61 77 18
4 89 9
8 60 9
27 86 17
16 45 58
61 77 74
7 33 5
15 24 1
7 53 83
4 74 70
4 81 66
22 58 5
23 93 94
16 99 26
4 89 95
31 34 12
73 94 86
18 95 30
12 71 65
65 99 81
11 61 1
11 28 87
11 87 76
12 71 86
30 38 27
4 81 14
1 55 84
27 66 62
16 99 54
28 94 49
22 58 38
46 98 46
68 81 57
31 34 91
1 55 26
73 94 87
28 94 85
32 36 7
18 95 89
27 86 70
20 54 45
15 24 81
67 74 23
43 45 28
28 94 74
17 19 23
1 9 83
67 74 61
45 52 51
61 77 12
12 71 47
73 94 93
71 95 60
26 48 100
11 28 39
45 52 46
67 85 1
7 33 80
47 53 50
46 72 30
45 52 66
11 61 48
26 48 62
44 88 12
2 86 94
4 81 95
65 71 94
73 94 81
20 54 80
1 9 9
44 88 55
1 55 46
45 52 80
4 89 80
12 71 12
23 93 25
34 90 43
39 49 74
15 37 71
10 93 22
73 94 25
1 42 91
45 52 1
1 9 27
11 28 80
73 94 40
73 94 97
73 94 20
22 58 53
15 24 88
67 74 78
7 33 93
45 74 53
42 56 59
8 60 76
4 81 13
50 89 58
42 56 41
73 94 32
70 76 73
17 19 67
10 93 88
34 90 7
15 37 22
61 77 31
46 72 34
31 34 24
73 94 27
1 9 12
1 55 26
11 61 67
15 24 71
73 94 93
0 57 74
50 89 19
7 53 36
10 93 78
73 94 47
42 56 37
22 58 82
1 55 52
16 45 61
12 71 51
36 91 20
28 94 77
47 53 10
3 74 7
73 94 76
73 94 17
73 94 98
71 95 20
11 28 56
68 81 53
0 57 92
0 57 55
1 88 84
20 54 13
4 81 16
1 42 63
28 94 28
11 28 46
11 28 45
44 88 67
16 99 89
47 53 33
50 89 46
4 81 94
10 93 8
1 9 73
15 24 26
71 95 93
22 58 70
1 9 48
9 59 80
31 34 33
12 71 94
68 81 97
73 94 21
39 49 76
12 71 49
73 94 20
15 24 9
4 81 98
45 52 49
39 49 11
38 81 97
6 9 89
73 94 54
38 81 28
0 57 89
26 48 26
15 24 89
73 94 24
11 28 21
38 82 43
47 53 51
30 38 62
0 57 46
0 57 69
70 76 74
46 72 2
26 48 54
6 9 75
67 85 51
73 94 42
12 71 96
15 24 53
1 55 84
67 85 79
4 89 75
73 94 63
18 95 80
68 81 81
1 9 67
0 57 94
1 9 90
45 74 76
34 90 11
11 87 46
11 28 71
10 93 55
12 71 1
23 93 99
78 92 65
70 76 55
1 9 63
16 99 34
4 89 40
3 74 33
60 98 90
38 81 48
43 45 87
11 87 69
26 48 30
8 60 33
26 48 5
1 9 98
1 9 70
47 53 50
13 48 10
12 71 11
4 89 46
16 99 32
47 53 46
67 85 57
2 86 11
7 33 69
44 88 16
4 81 21
67 74 98
4 74 6
11 87 47
43 45 73
20 54 53
10 93 56
11 28 90
68 81 42
20 54 71
73 94 18
63 80 62
27 66 36
20 54 51
11 61 39
13 40 67
38 81 89
7 53 61
23 93 23
61 77 28
11 28 33
4 74 9
6 9 52
15 24 87
16 45 46
44 88 1
15 24 91
11 28 77
30 38 37
38 81 57
67 74 94
27 86 22
46 72 13
11 28 42
73 94 65
20 40 2
42 81 56
45 52 72
51 75 33
28 32 97
17 19 58
3 74 85
0 57 61
3 93 73
7 33 28
46 72 16
7 53 35
39 49 21
73 94 70
2 86 71
2 86 67
38 81 32
73 94 65
11 28 13
23 93 15
62 83 44
7 53 48
73 94 31
45 52 19
37 54 79
14 46 51
7 53 34
0 57 74
15 37 69
44 88 73
4 81 70
67 74 38
23 93 25
1 9 87
20 54 67
73 94 28
70 76 33
1 9 30
31 34 73
55 62 27
15 24 59
27 86 90
2 86 66
6 9 43
12 71 10
20 54 62
33 67 23
2 86 99
1 9 46
45 52 75
3 74 19
61 77 100
2 86 73
15 24 76
0 57 86
6 9 25
46 98 3
4 81 1
28 94 81
52 57 59
11 70 25
23 93 80
12 71 20
1 9 11
34 90 10
45 52 74
73 94 37
44 88 59
15 24 71
68 81 19
11 61 3
45 52 54
1 88 37
0 57 20
28 94 80
2 86 95
11 28 2
71 95 14
22 58 71
73 94 12
4 81 80
16 99 44
27 86 46
16 45 50
55 62 74
1 9 59
32 36 44
11 70 33
7 53 45
73 94 61
16 45 39
20 54 35
7 33 38
2 86 39
46 72 14
37 54 90
44 88 79
28 94 53
12 71 54
3 34 33
12 71 11
27 86 4
23 93 91
27 86 28
73 94 52
61 77 72
0 57 14
45 52 16
20 54 84
5 11 8
67 74 85
7 53 94
68 81 64
60 98 30
38 81 7
71 95 65
71 95 6
71 95 20
55 62 38
27 86 79
31 34 29
12 71 97
65 71 35
13 40 45
38 81 99
73 94 26
43 45 33
28 94 23
62 83 19
38 81 68
3 93 59
43 45 63
45 52 72
27 86 34
73 94 32
12 71 98
0 57 91
0 57 92
68 81 93
67 85 5
3 34 29
2 86 80
15 24 86
44 88 17
1 9 41
38 82 86
1 9 13
65 99 78
47 53 93
38 81 80
4 74 12
3 93 3
7 53 39
67 74 67
50 89 46
61 77 30
12 71 45
44 88 48
0 57 86
32 36 72
23 93 54
23 93 19
0 57 27
16 45 63
11 28 87
15 24 73
4 74 72
71 95 64
18 95 93
7 53 94
45 52 92
28 94 38
16 45 92
3 34 69
49 83 14
1 88 5
20 54 35
23 93 81
27 86 36
1 9 60
81 94 97
73 94 70
6 9 42
67 74 52
42 56 40
67 74 25
4 89 35
41 70 57
73 94 43
60 98 41
31 34 35
7 53 31
23 93 52
38 81 2
73 94 47
15 24 87
1 55 76
16 99 52
20 54 93
14 46 74
60 98 49
2 86 49
7 33 20
13 40 91
16 45 87
15 24 24
1 9 69
45 96 13
2 86 30
27 86 77
15 24 81
18 95 99
0 57 64
27 86 23
36 91 76
16 99 7
18 95 62
47 84 9
3 51 6
46 72 66
78 92 18
23 93 30
27 66 77
7 53 13
51 75 89
50 89 9
11 61 66
7 53 91
23 93 78
38 81 79
10 93 61
52 57 87
22 58 12
4 81 28
18 95 96
4 81 9
15 24 24
15 24 68
13 40 67
27 86 38
31 34 3
20 40 36
46 72 48
15 24 55
71 95 26
4 89 14
60 61 98
38 81 56
27 66 59
16 99 41
43 45 4
7 33 65
18 95 62
80 98 71
33 67 8
73 94 90
12 71 17
60 61 64
11 61 8
15 24 29
3 74 66
28 94 51
3 74 18
23 93 89
42 81 71
5 11 73
68 81 88
73 94 71
70 76 83
43 45 78
62 83 56
73 94 24
2 86 100
20 54 32
70 76 59
3 93 25
47 53 61
16 45 92
15 24 8
42 56 58
27 86 86
16 99 8
4 81 32
18 95 23
6 9 82
16 45 55
71 95 68
7 33 46
16 45 85
42 56 91
68 81 46
11 61 55
15 24 12
71 95 76
73 94 89
15 24 38
1 88 79
1 55 27
7 53 69
0 57 89
23 93 13
4 81 22
38 81 96
16 99 18
12 71 91
73 94 75
3 93 48
12 71 92
60 61 91
17 45 48
1 9 69
42 81 63
73 94 99
31 34 46
39 49 86
47 53 19
71 95 31
11 28 3
2 86 96
38 81 65
39 49 100
3 93 42
16 99 12
1 88 76
47 53 27
73 94 37
1 9 54
38 81 6
7 53 38
7 33 93
12 71 62
3 74 56
73 94 98
27 86 7
4 74 59
8 60 22
4 81 27
67 74 60
20 54 27
4 81 36
16 99 64
52 57 95
34 90 91
2 86 93
16 99 79
27 66 18
27 86 83
41 70 1
44 88 89
12 71 10
12 71 86
16 45 2
80 98 18
67 74 21
38 81 92
12 71 68
47 53 80
2 86 31
5 11 61
12 71 51
1 9 62
67 85 33
38 81 48
38 81 67
73 94 98
17 45 41
20 54 28
4 81 70
3 74 24
1 88 14
46 72 87
1 9 30
8 60 58
73 94 9
7 53 96
44 88 97
4 89 68
22 58 38
71 95 19
70 76 89
68 81 63
73 94 44
3 74 96
15 24 90
17 19 7
1 9 68
23 93 24
43 45 16
0 57 75
73 94 93
23 93 58
11 61 23
17 45 10
38 81 74
12 71 38
23 93 58
38 81 12
78 92 65
68 81 77
26 48 23
73 94 54
1 9 27
7 53 84
7 33 36
15 24 31
38 81 41
0 57 10
4 89 39
1 9 92
1 88 89
31 34 68
45 52 92
60 98 34
46 72 95
15 24 40
1 9 73
0 57 83
67 85 35
71 95 32
5 11 31
55 62 31
73 94 88
67 74 73
18 95 16
73 94 70
14 46 84
3 51 88
27 66 9
68 81 37
18 95 18
16 45 52
18 95 44
12 71 1
4 81 30
55 62 27
38 81 61
11 87 75
34 90 55
38 82 63
68 81 50
3 93 89
27 86 83
39 49 13
73 94 5
17 45 98
31 34 44
4 74 68
17 19 22
16 99 90
28 94 74
26 48 95
0 57 69
4 89 73
43 45 99
73 94 66
39 49 11
7 53 23
16 45 98
18 95 79
73 94 61
15 24 16
11 61 97
22 58 23
45 52 71
15 37 42
1 9 42
7 53 47
73 94 34
68 81 44
24 94 68
1 9 60
11 28 24
27 66 69
10 93 28
26 48 63
27 66 49
11 28 22
11 61 86
67 74 98
70 76 31
0 57 37
68 81 66
45 52 25
73 94 63
45 52 41
22 58 35
23 93 20
1 9 43
15 24 31
4 81 2
4 74 99
20 40 53
45 52 42
46 72 6
7 33 36
11 28 30
28 94 31
45 52 97
4 81 76
11 28 53
45 52 7
47 53 76
15 24 37
63 80 63
4 81 87
55 62 83
67 74 52
0 57 70
27 66 59
33 67 43
11 61 100
23 93 42
34 90 75
0 57 9
1 9 15
31 34 64
4 89 54
7 33 19
30 38 57
42 56 67
45 52 24
15 24 31
16 99 86
22 58 65
46 72 63
68 81 72
15 24 100
31 34 46
11 61 50
27 86 6
33 67 31
20 54 25
3 34 83
15 24 70
7 33 58
38 81 20
1 9 3
33 67 50
2 86 83
22 58 30
73 94 89
38 81 63
16 99 87
23 93 64
23 93 52
44 88 60
27 86 44
68 81 92
6 9 73
26 48 4
11 28 91
42 81 54
23 93 9
46 72 61
17 19 66
45 52 46
12 71 35
27 86 76
11 28 71
43 45 3
42 56 34
30 38 53
4 89 99
38 81 38
16 45 22
4 89 54
11 28 19
55 62 6
16 99 34
27 66 28
38 81 45
68 81 20
22 58 51
11 28 7
15 24 43
10 93 61
31 34 44
39 49 68
13 40 72
46 72 91
30 38 94
26 48 81
20 54 64
34 90 37
15 37 9
15 24 32
46 98 23
3 93 30
3 51 69
36 91 89
27 66 5
8 60 85
3 93 3
31 34 10
23 93 77
68 81 100
12 71 37
20 40 2
12 71 28
71 95 27
52 57 14
61 77 57
42 56 77
1 55 1
12 71 58
17 19 82
22 58 64
1 9 68
11 61 51
23 93 19
38 81 24
44 88 54
2 86 44
70 76 3
11 70 58
45 52 80
1 9 11
1 9 4
16 45 84
15 24 99
1 88 37
70 76 27
73 94 70
30 38 15
42 81 57
9 59 93
1 9 72
46 72 16
32 36 52
73 94 95
16 45 1
1 9 37
31 34 97
7 33 45
68 81 4
38 81 27
15 24 50
42 81 77
67 74 98
38 81 6
0 57 97
4 81 30
2 86 99
61 77 52
4 89 64
20 54 46
30 38 46
1 55 38
27 66 60
7 53 93
3 93 45
0 57 85
45 52 25
3 74 56
15 24 82
25 75 54
12 71 45
43 45 61
45 52 93
1 9 5
28 94 90
7 33 75
1 9 85
26 48 85
20 54 42
4 89 60
18 95 77
73 94 96
27 86 38
1 42 88
42 81 32
38 81 15
68 81 31
16 99 46
15 24 18
0 57 69
16 45 93
15 24 45
38 81 80
12 71 69
27 86 25
38 81 43
70 76 51
63 80 6
14 46 19
45 52 65
45 52 44
0 57 66
28 94 93
15 24 8
1 9 11
50 89 27
4 89 48
73 94 66
31 34 42
11 70 15
27 86 73
45 52 59
50 89 24
0 57 72
20 54 79
17 19 62
45 52 80
38 82 15
14 46 19
8 60 25
0 57 96
78 92 97
23 93 32
3 93 16
11 87 88
42 81 11
3 93 67
80 98 78
15 24 57
2 86 56
15 24 76
1 88 9
73 94 50
0 57 7
39 49 47
43 45 25
12 71 62
15 37 59
15 37 77
4 89 51
42 81 50
1 55 50
30 38 98
16 45 100
26 48 14
1 9 97
73 94 92
11 28 63
63 80 80
73 94 62
27 66 15
28 94 53
16 99 26
14 46 5
45 52 73
73 94 8
67 85 86
12 71 17
0 57 13
70 76 99
18 95 11
23 93 75
1 42 51
17 19 37
4 81 10
23 93 20
23 93 78
15 24 28
22 58 11
33 67 40
11 28 75
11 28 95
65 99 46
50 89 16
71 95 13
65 99 76
60 98 78
1 9 25
2 86 11
42 56 60
16 45 82
16 45 75
34 90 2
73 94 36
43 45 43
27 86 48
28 94 40
36 91 73
46 72 90
38 81 59
10 93 46
4 89 36
0 57 66
67 74 57
73 94 13
1 9 68
3 93 30
17 45 75
42 56 66
3 74 53
2 86 13
50 89 54
27 86 35
15 37 46
0 57 11
51 75 15
3 93 75
4 89 71
0 57 93
47 53 75
15 24 21
27 86 5
20 54 40
28 94 51
13 40 12
38 81 96
1 9 79
23 93 38
47 53 56
47 53 34
70 76 39
2 86 40
1 9 56
2 86 18
11 28 50
20 54 64
73 94 30
11 28 36
38 81 60
67 85 2
3 34 79
47 53 9
16 99 44
4 89 30
24 94 40
67 85 90
43 45 79
7 53 40
9 59 74
1 9 25
7 33 78
7 33 92
0 57 85
55 62 93
13 40 7
34 90 2
4 89 85
7 53 88
43 45 67
38 81 48
15 24 78
22 58 64
23 93 31
23 93 82
5 11 31
15 24 53
17 45 17
13 48 23
1 9 73
2 86 37
34 90 49
38 81 2
44 88 86
26 48 2
44 88 57
28 94 50
52 57 32
38 81 2
73 94 47
23 93 62
68 81 76
16 45 82
11 28 42
46 72 90
11 87 5
4 89 9
3 93 35
38 81 84
27 86 86
0 57 43
0 57 30
23 93 89
41 70 41
65 71 66
27 86 49
43 45 39
38 81 33
3 34 97
7 33 85
47 84 98
42 81 11
23 93 8
65 99 29
70 76 30
12 71 17
38 81 61
31 34 80
73 94 100
71 95 56
52 57 68
67 74 7
23 93 95
37 54 20
0 57 7
16 99 47
43 45 23
16 45 74
7 53 84
12 71 13
68 81 57
23 93 17
73 94 39
4 81 17
26 48 77
39 49 86
42 56 60
7 53 12
3 93 83
28 94 63
23 93 7
12 71 18
0 57 90
8 60 8
23 93 28
71 95 92
4 81 4
15 24 58
73 94 50
34 90 24
67 85 84
3 93 99
10 93 28
8 60 35
39 49 73
4 81 6
73 94 10
38 81 44
2 86 51
1 55 7
1 9 22
3 35 19
7 53 8
42 56 44
38 81 43
68 81 71
38 81 97
16 45 33
38 82 72
73 94 69
11 28 92
17 19 94
33 67 21
36 91 3
16 45 78
16 45 59
1 9 86
20 40 98
27 86 6
7 33 40
27 66 17
61 77 97
32 36 96
46 72 46
38 81 87
0 57 30
15 24 21
7 33 94
42 56 12
3 93 46
0 57 40
2 86 74
44 88 73
46 72 13
38 81 42
31 34 14
26 48 34
45 52 56
12 71 19
33 67 54
3 51 79
11 28 72
45 96 97
68 81 61
38 82 40
1 88 92
23 93 54
21 37 53
1 42 42
10 93 31
45 52 85
11 28 6
15 24 82
7 33 67
33 67 50
20 54 81
2 86 37
68 81 38
0 57 39
7 33 73
1 9 66
23 93 75
50 89 4
27 66 96
43 45 47
15 24 49
1 9 11
23 93 31
42 56 66
11 87 1
67 85 45
7 33 28
23 93 8
67 85 74
11 61 97
42 56 4
67 85 13
11 28 22
20 54 58
18 95 98
45 52 23
20 40 39
0 57 57
7 33 3
20 54 74
38 81 35
61 77 37
1 42 44
68 81 5
33 67 74
67 85 10
38 81 57
5 11 50
65 71 27
71 95 58
67 74 56
1 9 32
68 81 6
34 90 59
28 94 87
7 53 74
27 86 17
20 40 43
27 86 47
1 9 5
3 51 61
11 28 45
4 89 87
32 36 30
11 70 96
52 57 23
18 95 29
73 94 10
2 86 5
16 45 29
4 81 52
38 81 87
65 71 49
7 33 90
71 95 46
13 40 59
2 86 37
61 77 100
6 9 48
27 86 90
31 34 21
1 9 10
3 93 24
6 9 65
17 19 3
70 76 29
15 24 91
73 94 46
12 71 17
52 57 7
31 34 17
46 98 66
71 95 30
20 54 36
0 57 50
38 81 93
67 85 47
8 60 100
38 82 39
16 99 46
60 98 79
11 61 51
61 77 82
1 9 98
39 49 39
71 95 55
1 88 55
28 94 45
15 24 76
1 9 3
31 34 29
7 33 88
5 11 89
11 28 85
22 58 29
22 58 89
68 81 42
78 92 62
42 56 93
45 96 38
1 9 20
70 76 11
68 81 88
17 45 88
23 93 32
7 33 4
22 69 94
23 93 4
1 9 82
12 71 46
31 34 36
12 71 3
67 85 67
68 81 69
11 28 38
3 93 8
23 93 52
1 9 86
15 24 57
61 77 16
37 54 48
36 91 92
3 51 100
5 11 90
17 45 8
15 24 6
15 24 18
46 72 25
4 89 73
0 57 70
38 81 35
0 57 49
61 77 54
23 93 94
42 56 1
73 94 10
46 98 57
38 82 95
39 49 5
60 98 9
32 36 21
46 72 67
20 54 67
1 9 14
11 28 39
44 88 72
71 95 27
42 81 31
0 57 25
73 94 15
42 56 94
7 53 66
0 57 59
15 24 31
23 93 41
27 86 2
11 87 97
11 70 85
23 93 4
67 74 24
2 86 82
7 33 97
38 81 76
73 94 37
38 81 44
23 93 81
0 57 51
16 45 57
23 93 92
16 45 90
67 85 9
67 85 62
4 81 97
52 57 41
4 89 25
1 9 7
3 74 45
27 66 27
7 33 73
7 53 17
15 24 88
42 81 32
15 24 7
28 94 43
1 9 22
28 32 99
27 86 76
0 57 6
4 89 72
43 45 15
1 9 91
7 33 39
20 40 7
26 48 99
44 88 36
0 57 41
73 94 1
4 81 78
11 87 15
15 24 53
38 81 24
23 93 57
73 94 61
7 33 73
28 32 93
4 89 47
23 93 78
68 81 53
9 59 6
52 57 12
16 99 88
15 24 72
1 88 1
14 46 67
12 71 75
52 57 62
23 93 41
60 98 81
42 56 22
73 94 52
6 9 18
11 28 99
42 81 47
1 9 22
3 74 89
22 58 79
11 87 39
8 60 61
24 94 30
47 53 75
13 40 65
7 53 73
31 34 67
16 45 40
8 60 9
30 38 36
73 94 26
36 91 14
36 91 69
15 24 41
10 93 10
68 81 97
17 45 96
47 53 53
11 87 3
3 74 51
4 81 19
27 86 52
12 71 96
30 38 26
1 55 9
42 81 78
10 93 10
26 48 69
2 79 55
4 89 40
23 93 84
45 52 26
7 33 13
68 81 81
38 81 66
38 81 8
11 61 16
17 45 17
70 76 23
73 94 87
15 24 17
73 94 5
4 81 43
7 33 32
3 51 95
18 95 34
45 52 9
11 28 59
12 71 53
3 74 21
11 87 10
68 81 93
8 60 7
16 45 8
45 52 79
31 34 83
27 86 15
2 86 47
17 45 65
3 93 65
73 94 63
4 81 81
73 94 60
18 95 60
71 95 75
4 89 97
67 85 17
73 94 75
47 53 37
8 60 18
68 81 21
26 48 73
18 95 86
11 61 83
26 48 48
46 98 87
11 28 55
1 42 17
1 9 63
55 62 6
38 81 88
38 82 11
11 61 34
23 93 87
0 57 6
11 87 75
24 94 62
4 74 79
46 72 79
23 93 38
28 32 70
2 86 8
73 94 5
45 52 11
49 83 69
24 94 81
27 86 47
46 98 1
22 58 24
16 99 18
52 57 84
18 95 28
6 9 2
6 9 55
28 94 42
17 19 5
1 9 86
15 24 59
23 93 34
73 94 82
50 89 12
7 33 22
15 24 4
2 86 18
17 45 29
11 28 39
14 46 21
16 45 77
73 94 68
71 95 36
67 85 81
7 33 45
0 57 10
15 24 85
0 57 23
30 38 11
31 34 46
2 86 84
47 53 99
43 45 61
38 81 82
44 88 60
73 94 36
3 74 38
18 95 60
3 74 57
1 9 83
7 33 9
11 28 20
13 40 66
38 82 92
42 81 36
3 34 83
0 57 82
45 74 56
38 82 48
4 81 12
4 89 61
73 94 44
55 62 93
12 71 43
7 33 12
6 9 45
63 80 47
43 45 76
4 89 76
1 42 61
33 67 11
6 9 77
12 71 19
14 46 58
42 56 50
11 61 100
23 93 65
18 95 34
7 33 17
0 57 56
11 61 2
16 99 84
73 94 74
6 9 67
12 71 66
2 86 49
1 55 79
27 66 6
61 77 43
12 71 22
7 53 71
34 90 29
4 81 35
61 77 94
60 61 67
73 94 1
27 66 65
39 49 60
67 74 51
20 54 48
31 34 61
6 9 21
45 52 55
0 57 5
7 33 68
30 38 64
27 86 38
73 94 97
23 93 26
46 72 38
18 95 48
15 24 14
68 81 88
39 49 1
71 95 4
11 70 10
12 71 30
67 74 20
17 45 64
23 93 87
7 53 85
7 53 26
3 74 9
73 94 35
68 81 71
4 89 52
4 74 68
60 61 40
18 95 35
31 34 76
18 95 59
3 74 87
55 62 37
31 34 73
4 81 82
65 71 45
10 93 16
8 60 29
27 66 78
46 72 90
23 93 6
23 93 51
4 81 24
1 9 45
17 45 33
42 56 2
11 87 95
23 93 33
6 9 62
23 93 58
2 86 54
0 57 48
81 94 96
12 71 18
1 55 21
55 62 59
11 28 48
39 49 46
10 93 39
73 94 86
31 34 80
44 88 79
38 81 90
67 74 84
12 71 35
8 60 29
7 33 53
38 81 98
45 52 90
22 58 62
0 57 90
2 86 29
71 95 45
8 60 74
12 71 96
20 54 71
73 94 74
27 86 95
22 58 26
68 81 41
18 95 71
3 34 86
33 67 62
45 52 43
18 95 99
4 89 47
4 89 59
73 94 44
20 54 26
62 83 99
80 98 89
26 48 84
7 53 34
23 93 64
11 87 96
7 33 68
45 52 99
18 95 39
43 45 7
67 74 69
23 93 56
11 61 13
18 95 58
4 81 73
47 53 20
4 89 63
23 93 77
52 57 3
4 81 98
27 86 65
52 57 95
1 9 70
34 90 56
18 95 25
67 85 16
7 33 57
22 58 28
80 98 66
17 45 38
18 95 74
46 72 78
38 82 32
10 93 74
67 85 42
15 37 58
60 98 51
15 24 25
4 74 30
12 71 10
11 70 33
0 57 57
0 57 20
16 45 100
17 45 64
73 94 19
3 51 99
4 89 66
0 57 65
26 48 98
15 37 32
71 95 59
73 94 18
68 81 21
11 28 10
38 81 21
71 95 91
47 53 79
55 62 15
68 81 41
42 56 22
3 93 24
4 81 26
65 99 91
1 9 60
3 34 81
47 84 4
67 85 100
1 55 72
46 72 25
38 81 54
61 77 11
26 48 39
45 52 26
23 93 4
44 88 99
28 32 34
63 80 55
47 53 10
28 94 3
7 53 9
18 95 80
28 94 76
17 45 83
38 81 48
20 54 100
27 86 27
2 86 43
38 82 16
68 81 44
61 77 91
7 33 26
73 94 7
65 99 24
4 89 44
52 57 45
0 57 25
27 66 87
8 60 38
68 81 32
38 81 12
7 33 52
4 81 13
38 81 98
20 54 3
52 57 55
73 94 17
0 57 20
0 57 59
7 33 99
3 74 39
26 48 91
73 94 38
52 57 34
38 82 77
68 81 15
27 86 90
16 45 76
73 94 61
4 89 9
16 99 39
1 88 62
31 34 6
27 86 73
17 19 21
2 86 54
11 61 6
7 53 17
28 94 89
7 33 27
18 95 52
7 33 29
0 57 81
38 81 14
11 61 6
42 56 55
47 53 27
3 74 80
3 93 31
2 86 45
20 54 15
27 66 16
0 57 28
38 81 67
27 66 38
27 86 57
31 34 16
30 38 95
42 81 4
11 87 9
28 94 47
1 55 71
4 89 37
3 74 66
1 9 11
11 61 44
73 94 8
12 71 18
14 46 10
63 80 94
61 77 76
78 92 46
33 67 61
46 72 89
20 54 73
8 60 11
20 54 42
34 90 35
68 81 11
27 66 76
61 77 94
12 71 36
70 76 50
28 94 68
15 24 24
63 80 62
20 40 39
3 74 45
27 86 33
22 58 91
27 66 2
62 83 11
0 57 65
23 93 65
68 81 53
3 34 23
15 24 12
1 9 93
55 62 40
7 33 40
0 57 40
12 71 72
28 94 99
55 62 47
39 49 51
28 94 22
6 9 63
27 86 83
71 95 96
55 62 17
68 81 28
26 48 51
63 80 73
45 52 26
31 34 13
63 80 9
0 57 88
27 86 64
15 24 45
3 51 25
3 34 93
0 57 34
60 98 41
38 81 86
73 94 8
21 37 100
45 96 80
2 86 25
7 53 32
27 66 30
67 74 42
7 33 32
73 94 15
38 81 71
11 87 34
11 87 22
73 94 37
55 62 28
12 71 55
0 57 38
1 88 48
2 86 93
2 86 74
12 71 78
67 85 58
71 95 87
9 59 83
23 93 85
14 46 19
15 24 57
60 98 21
23 93 53
78 92 74
26 48 37
26 48 79
39 49 26
71 95 75
12 71 99
27 66 98
4 89 74
68 81 54
20 54 67
22 69 1
70 76 50
11 28 67
17 45 64
71 95 73
7 33 1
1 9 50
15 24 17
73 94 89
46 72 32
42 56 31
42 56 68
71 95 73
3 34 81
43 45 44
23 93 43
2 86 11
61 77 94
15 37 6
42 56 54
0 57 3
0 57 50
45 52 4
46 98 60
21 37 22
45 74 64
68 81 26
7 33 82
11 61 38
26 48 76
16 45 72
0 57 34
39 49 73
73 94 86
23 93 41
27 66 49
16 99 63
22 58 94
34 90 59
65 71 99
28 94 61
15 24 1
11 28 28
67 74 65
13 48 52
4 89 71
38 81 98
63 80 53
38 81 59
12 71 42
52 57 76
39 49 94
27 86 27
80 98 100
0 57 61
55 62 87
15 24 5
1 88 42
15 24 34
7 53 33
15 24 77
42 56 15
71 95 52
73 94 97
3 74 22
60 98 68
2 86 84
38 81 69
18 95 9
27 86 93
16 45 33
11 28 59
2 86 92
11 61 21
4 74 84
60 61 88
27 66 16
15 24 84
3 93 37
0 57 82
1 9 34
70 76 95
18 95 33
37 54 5
4 89 68
15 24 2
44 88 68
23 93 81
38 81 8
15 24 89
38 81 35
1 55 61
67 85 63
23 93 20
27 66 68
4 89 69
67 74 56
4 81 12
45 52 57
23 93 25
22 58 90
11 28 99
38 82 50
65 99 37
4 81 28
5 11 41
7 33 46
70 76 17
15 24 5
7 33 1
42 81 54
16 45 42
42 56 89
26 48 47
38 82 46
18 95 68
73 94 67
16 45 80
15 24 64
1 9 88
34 90 3
4 81 37
0 57 59
73 94 5
73 94 35
32 36 50
50 89 30
23 93 74
73 94 47
2 86 62
14 46 27
15 24 91
18 95 59
6 9 43
61 77 59
7 33 5
28 94 51
47 53 75
27 86 74
0 57 37
11 87 82
12 71 42
43 45 43
7 53 85
30 38 66
68 81 28
68 81 10
67 85 94
16 99 95
27 86 96
20 54 15
23 93 54
23 93 38
6 9 18
52 57 44
67 85 22
7 33 10
27 86 90
30 38 55
27 66 36
7 33 100
15 24 14
1 9 86
60 98 74
0 57 20
1 88 70
27 86 64
15 24 54
26 48 28
71 95 24
33 67 65
5 11 39
28 32 72
20 40 82
2 86 25
16 99 3
60 61 91
43 45 69
7 53 21
7 53 63
11 28 17
7 33 55
46 72 91
13 40 12
16 45 94
42 56 13
42 81 62
23 93 74
47 53 12
11 61 55
60 61 19
1 42 26
39 49 45
15 24 92
3 93 59
67 74 22
15 24 49
11 61 76
22 58 93
31 34 22
42 81 15
0 57 29
11 87 26
23 93 55
12 71 22
50 89 94
73 94 76
2 86 79
1 9 34
28 32 61
20 54 76
10 93 68
14 46 53
16 99 47
42 81 46
27 86 81
3 74 98
23 93 44
78 92 12
1 88 55
33 67 88
7 33 10
73 94 54
28 94 5
42 56 92
16 45 48
43 45 77
67 85 24
67 74 81
31 34 28
20 54 61
15 24 67
28 32 96
38 81 56
0 57 74
11 28 70
71 95 9
4 89 9
15 24 12
63 80 66
38 81 53
38 81 86
73 94 19
62 83 75
7 33 18
27 86 60
43 45 62
1 9 23
23 93 93
6 9 52
34 90 58
23 93 100
11 28 39
33 67 51
7 33 32
12 71 1
67 74 60
47 53 7
43 45 89
0 57 67
23 93 85
15 24 2
45 74 22
38 81 62
26 48 24
13 48 10
3 93 80
25 75 51
47 53 33
73 94 4
38 81 8
42 56 80
4 81 11
61 77 19
80 98 85
73 94 30
27 86 78
52 57 14
3 34 96
28 32 60
46 72 17
22 58 50
38 81 17
45 52 98
1 9 1
16 45 89
12 71 28
4 81 78
0 57 93
11 70 11
78 92 98
65 71 79
16 45 68
3 74 27
38 81 91
17 19 14
16 99 9
26 48 60
18 95 84
46 72 78
2 86 90
4 89 66
52 57 42
45 52 5
4 74 73
25 75 60
16 99 30
16 99 49
0 57 10
7 53 47
38 81 80
4 81 9
36 91 97
8 60 12
4 74 80
15 24 79
27 86 61
23 93 9
1 88 44
2 86 72
60 61 84
3 35 77
22 58 28
45 74 80
16 99 63
46 98 99
12 71 15
17 45 49
38 81 53
11 28 76
17 45 23
11 87 27
3 93 87
20 40 24
3 74 69
7 33 96
46 72 73
38 81 100
73 94 98
67 85 30
43 45 61
3 74 62
7 53 30
65 99 38
23 93 34
27 86 12
2 86 56
3 74 65
73 94 36
11 87 74
81 94 94
44 88 34
46 72 71
62 83 38
2 86 76
32 36 71
45 96 38
17 45 25
55 62 47
67 85 97
16 45 31
8 60 20
55 62 45
73 94 7
39 49 56
11 87 62
23 93 4
30 38 94
73 94 32
4 74 5
20 54 94
52 57 23
18 95 93
61 77 69
44 88 78
3 93 14
50 89 66
45 74 56
73 94 92
7 53 40
38 81 98
18 95 52
45 52 100
2 86 61
37 54 36
31 34 60
71 95 29
42 56 71
38 81 44
73 94 13
12 71 4
0 57 67
7 33 7
4 81 2
20 54 24
3 93 49
16 99 75
1 9 91
16 99 12
12 71 47
68 81 19
42 56 78
25 75 78
73 94 59
11 70 71
6 9 32
45 52 28
7 33 86
33 67 39
15 24 94
3 74 52
23 93 14
15 24 42
34 90 57
0 57 8
67 74 69
15 24 81
78 92 72
15 24 76
30 38 12
38 82 98
67 85 5
27 66 72
6 9 30
28 94 73
1 42 80
23 93 98
11 70 41
47 53 58
38 81 67
1 9 34
16 45 39
46 72 65
73 94 99
4 89 25
16 99 87
42 56 46
7 33 36
73 94 55
26 48 7
1 9 20
27 86 72
27 86 37
28 94 1
29 50 13
11 28 78
3 93 59
28 32 18
12 71 12
17 45 67
2 86 84
23 93 11
17 19 32
65 99 50
39 49 72
28 32 16
22 58 49
12 71 44
34 90 91
52 57 92
27 86 58
27 66 63
16 45 32
71 95 14
26 48 2
3 51 40
60 61 99
15 24 73
44 88 27
38 81 40
27 66 41
1 9 43
38 81 80
1 9 12
7 33 14
67 85 52
39 49 23
18 95 5
61 77 42
11 61 23
55 62 36
23 93 91
3 51 65
10 93 15
38 81 85
38 81 23
3 74 36
16 45 63
28 94 64
22 58 12
62 83 78
22 58 64
18 95 30
38 81 22
73 94 23
11 87 19
16 45 18
70 76 65
23 93 49
33 67 7
11 28 14
3 34 93
18 95 68
28 32 78
20 54 50
0 57 76
11 28 28
55 62 60
78 92 79
1 9 86
1 9 79
1 55 14
4 81 82
43 45 46
70 76 20
1 88 64
15 37 26
4 81 77
20 54 20
1 42 40
0 57 4
16 99 62
15 24 83
1 9 35
25 75 47
18 95 85
45 52 63
44 88 59
71 95 41
2 86 94
52 57 66
78 92 25
20 54 38
15 37 11
20 40 74
23 93 94
50 89 43
7 53 54
67 74 26
1 9 28
4 81 98
68 81 5
22 58 3
22 58 37
1 55 84
45 52 42
2 86 4
68 81 74
7 53 95
73 94 3
11 87 16
25 75 43
43 45 31
81 94 100
51 75 3
68 81 53
3 93 97
23 93 48
20 54 92
0 57 34
42 81 72
11 87 55
24 94 62
28 32 17
42 56 92
27 66 89
2 86 69
23 93 45
30 38 92
67 85 13
50 89 16
11 28 12
42 56 31
38 81 76
28 32 38
16 45 44
38 81 68
68 81 33
43 45 30
0 57 66
42 81 87
16 45 19
2 86 15
38 81 56
15 24 76
23 93 53
0 57 37
34 90 40
17 19 71
52 57 70
1 55 18
28 94 60
38 81 14
60 61 4
5 11 10
26 48 93
3 93 52
0 57 52
30 38 2
80 98 12
43 45 2
33 67 32
47 53 35
7 33 64
13 40 28
4 74 50
26 48 87
46 72 53
36 91 72
3 34 45
11 28 45
15 24 15
45 74 15
11 28 5
7 33 99
20 40 10
3 93 99
4 81 68
17 45 77
68 81 14
18 95 30
73 94 84
36 91 65
0 57 76
4 89 46
27 66 77
7 53 49
44 88 52
38 81 97
45 52 19
15 24 85
14 46 67
52 57 71
3 93 29
23 93 58
1 9 56
46 72 62
38 81 9
73 94 44
27 86 2
26 48 18
23 93 100
13 40 93
4 74 37
33 67 99
23 93 90
17 19 91
0 57 42
2 86 76
30 38 99
12 71 8
2 86 50
27 86 26
16 45 13
1 55 8
42 56 20
46 72 34
42 81 66
38 81 72
23 93 50
1 9 68
17 19 14
52 57 78
1 9 93
1 9 45
23 93 7
30 38 58
13 48 65
11 61 92
2 86 61
0 57 12
34 90 56
23 93 5
4 89 9
3 74 51
73 94 41
11 61 86
38 81 5
80 98 42
7 33 52
16 45 96
1 55 45
17 19 70
30 38 1
42 56 30
38 81 66
7 53 69
20 54 2
20 54 41
23 93 79
16 99 6
81 94 16
26 48 21
67 74 43
27 66 33
73 94 72
45 52 39
73 94 50
39 49 58
15 37 14
17 19 36
12 71 11
11 61 38
7 53 55
27 66 57
13 40 31
38 82 34
65 99 89
4 81 61
1 88 71
16 99 73
45 96 8
16 45 1
7 53 26
50 89 73
50 89 70
42 81 83
0 57 58
73 94 62
20 54 98
30 38 96
45 52 13
28 94 75
7 53 69
7 33 19
33 67 55
78 92 86
1 9 30
4 81 53
38 81 82
23 93 94
15 24 44
18 95 35
18 95 67
1 9 8
42 81 99
38 81 63
4 89 4
6 9 63
31 34 60
23 93 68
11 28 32
23 93 45
1 88 66
27 86 73
1 55 22
55 62 92
30 38 81
73 94 1
68 81 98
30 38 85
60 61 78
23 93 61
4 81 66
22 58 80
23 93 57
31 34 79
16 45 41
60 98 65
47 53 8
71 95 36
16 99 26
15 24 63
67 85 89
12 71 72
51 75 80
23 93 12
3 93 92
60 98 89
15 37 11
67 85 17
3 93 47
42 56 86
68 81 15
16 45 40
11 28 57
11 70 55
16 99 24
68 81 92
0 57 22
67 74 47
65 71 53
42 56 68
4 81 16
1 9 53
23 93 19
2 86 89
16 45 1
28 94 53
60 98 98
23 93 57
34 90 77
46 98 42
45 52 92
45 52 69
4 81 87
28 94 85
23 93 34
44 88 19
1 9 57
1 88 49
80 98 4
3 74 1
27 86 16
45 96 64
38 81 16
33 67 83
42 81 74
42 56 39
15 24 82
38 81 99
17 19 66
73 94 10
55 62 48
23 93 68
3 93 82
46 98 33
17 45 4
17 45 36
26 48 44
23 93 44
0 57 97
23 93 20
15 24 31
60 98 25
12 71 91
11 28 26
16 45 18
6 9 31
3 74 6
38 81 53
38 81 75
23 93 13
15 37 54
38 81 70
38 81 94
23 93 6
11 28 40
2 86 94
30 38 61
50 89 37
16 99 87
2 86 93
38 82 8
50 89 2
16 45 66
7 33 21
63 80 10
7 33 100
27 66 82
1 9 15
14 46 22
73 94 89
1 9 40
22 69 12
27 86 36
22 58 11
3 93 83
7 33 8
73 94 8
73 94 61
17 45 20
38 82 66
71 95 86
1 9 87
17 19 39
16 45 48
20 54 77
7 33 67
7 33 63
16 45 61
0 57 33
73 94 6
11 28 51
3 93 44
4 81 60
55 62 2
68 81 96
4 89 83
71 95 12
31 34 58
7 33 63
2 86 6
71 95 23
73 94 59
3 34 95
67 85 30
3 74 93
7 53 14
16 45 24
4 81 83
12 71 55
70 76 69
42 81 43
1 42 30
28 94 61
73 94 15
6 9 30
15 24 16
1 9 13
71 95 52
4 74 64
70 76 84
51 75 76
31 34 96
2 86 2
17 19 94
60 98 90
11 61 91
16 99 81
46 98 38
11 28 2
1 9 71
15 24 100
12 71 44
50 89 84
1 55 75
23 93 79
3 74 95
3 74 62
61 77 22
18 95 74
7 53 62
1 42 50
20 54 16
20 54 44
4 89 33
6 9 2
50 89 31
16 45 59
41 70 77
73 94 99
34 90 16
18 95 24
26 48 22
26 48 68
16 99 93
73 94 36
12 71 51
23 93 19
7 33 13
4 74 14
10 93 42
0 57 74
45 74 64
38 81 50
1 9 81
46 72 20
67 85 97
73 94 75
33 67 57
18 95 99
15 24 21
31 34 93
70 76 33
1 55 93
1 9 45
7 53 74
38 81 59
4 81 35
11 28 48
4 81 26
71 95 15
16 45 62
27 86 33
20 54 34
68 81 97
12 71 78
7 33 100
42 56 13
28 94 34
15 24 22
15 24 27
42 56 87
27 86 79
18 95 41
63 80 95
52 57 75
2 86 50
46 72 31
15 24 73
45 52 92
1 9 93
30 38 63
73 94 16
8 60 41
23 93 57
1 9 49
20 54 33
23 93 50
0 57 99
15 24 61
15 24 43
73 94 3
23 93 19
80 98 94
42 56 5
1 9 39
68 81 19
15 37 42
17 19 9
31 34 97
3 93 47
3 93 23
68 81 10
26 48 75
22 58 60
15 24 19
1 9 62
52 57 65
50 89 46
9 59 13
52 57 18
27 66 94
11 28 27
18 95 19
27 86 68
16 45 30
67 74 93
9 59 89
28 32 64
67 85 95
2 86 19
13 48 92
20 54 7
42 56 74
1 55 81
42 56 88
8 60 88
34 90 22
23 93 74
4 89 100
11 61 44
15 24 45
3 35 55
63 80 15
42 81 66
30 38 90
27 86 35
46 98 88
6 9 28
11 28 26
27 86 25
45 52 79
11 87 41
16 45 56
73 94 43
3 74 79
11 87 19
38 81 85
23 93 37
7 33 73
23 93 81
73 94 54
52 57 94
16 45 71
6 9 79
42 81 3
17 45 3
31 34 59
2 86 19
3 74 36
30 38 100
50 89 31
4 89 69
38 81 31
18 95 62
73 94 5
67 74 2
3 74 13
52 57 82
52 57 39
3 51 33
4 89 20
61 77 32
12 71 28
23 93 25
45 52 14
15 24 77
43 45 75
17 45 63
27 86 60
15 24 54
68 81 90
47 53 53
4 89 54
11 70 47
23 93 60
43 45 73
1 9 58
9 59 87
11 28 71
1 9 46
70 76 80
6 9 62
17 45 48
4 89 69
11 61 84
1 55 58
30 38 85
11 28 27
1 55 40
2 86 30
1 9 37
13 48 21
14 46 57
11 28 63
16 45 100
17 45 32
73 94 78
12 71 28
15 24 22
73 94 35
16 45 76
20 54 4
26 48 54
27 66 84
7 33 44
42 81 15
28 94 41
11 28 41
42 81 19
38 81 9
73 94 65
11 61 21
73 94 3
12 71 13
23 93 19
0 57 50
73 94 52
16 99 29
68 81 95
1 9 36
68 81 62
13 40 4
15 24 90
17 45 64
46 72 23
11 87 89
73 94 68
23 93 63
43 45 89
70 76 74
20 54 26
13 48 92
4 89 97
44 88 65
7 33 39
10 93 21
38 82 67
17 45 70
1 55 51
22 52 73
2 86 14
68 81 60
16 45 71
60 61 95
30 38 20
20 40 3
23 93 16
23 93 78
23 93 75
67 74 71
38 81 48
12 71 42
8 60 12
45 52 86
47 53 26
42 56 90
4 74 45
1 9 50
11 28 91
1 55 13
42 56 49
68 81 9
11 87 13
4 89 24
9 59 87
38 81 67
15 37 53
37 54 13
11 61 88
23 93 56
23 93 65
10 93 42
32 36 15
1 9 76
7 53 79
12 71 13
45 52 4
42 81 53
55 62 38
38 81 4
11 28 2
15 24 62
4 81 39
1 88 33
3 74 41
15 24 73
20 40 21
11 61 60
27 66 62
3 93 10
23 93 89
33 67 4
18 95 30
7 53 99
33 67 72
22 69 4
17 45 47
67 74 6
11 28 94
27 66 72
2 86 31
4 74 81
62 83 9
45 52 97
23 93 2
15 37 10
31 34 97
4 89 22
45 52 39
4 74 74
3 93 70
38 81 92
11 28 87
23 93 13
27 86 36
67 85 17
31 34 6
3 74 89
28 94 82
68 81 1
3 93 92
73 94 34
2 86 71
61 77 37
3 93 11
47 53 46
1 9 2
67 74 21
27 86 83
7 33 17
42 56 20
42 56 25
8 60 71
50 89 93
11 28 1
45 74 25
38 81 84
1 42 37
33 67 67
46 72 39
23 93 32
3 35 100
11 61 92
52 57 10
23 93 63
15 24 93
15 24 4
18 95 17
38 81 54
1 9 90
27 66 54
16 99 97
7 53 62
28 32 74
38 82 15
28 94 7
42 56 61
0 57 15
23 93 29
27 86 86
27 66 28
17 45 96
32 36 83
11 28 81
12 71 4
1 42 96
23 93 38
4 89 74
61 77 43
67 74 54
22 58 23
12 71 60
10 93 67
55 62 42
17 45 92
38 81 83
4 81 23
14 46 56
3 74 33
0 57 86
15 24 2
23 93 83
10 93 57
13 40 16
4 89 79
16 45 84
18 95 23
12 71 87
27 86 71
73 94 6
30 38 87
38 81 87
11 28 15
27 86 8
12 71 77
30 38 76
63 80 15
16 45 94
3 74 80
15 24 4
52 57 80
18 95 96
11 28 88
0 57 84
4 89 49
8 60 99
7 53 78
67 74 77
4 81 85
44 88 54
38 81 78
71 95 71
67 85 17
17 19 30
4 81 51
38 81 58
71 95 9
17 45 95
1 55 23
27 66 37
45 52 6
67 85 91
4 74 1
11 61 24
7 33 54
67 85 4
11 61 4
4 81 85
15 24 60
7 33 95
15 24 70
68 81 31
0 57 51
4 81 27
3 34 35
17 19 44
38 82 82
23 93 77
4 74 93
33 67 50
4 74 19
12 71 6
22 58 100
16 45 5
11 61 44
1 55 70
73 94 43
60 98 99
25 75 99
67 85 96
18 95 81
73 94 21
3 93 94
23 93 54
15 24 51
7 53 13
7 53 87
3 74 41
16 99 11
27 86 33
73 94 2
52 57 74
4 89 10
45 52 16
55 62 29
1 42 32
4 81 78
16 99 96
3 74 61
60 98 10
46 98 74
27 66 29
15 24 35
27 86 48
67 74 53
38 82 96
47 84 30
11 61 74
1 55 66
1 9 28
4 89 17
27 66 49
38 81 87
67 74 50
3 93 81
43 45 99
34 90 72
31 34 51
71 95 28
11 28 74
4 89 74
73 94 40
15 24 33
68 81 65
0 57 22
45 74 81
30 38 64
13 48 10
14 46 28
30 38 44
27 86 75
1 55 36
31 34 17
73 94 46
18 95 74
23 93 29
7 33 36
17 19 87
38 82 60
7 53 20
1 9 92
34 90 99
26 48 31
68 81 14
23 93 32
4 81 88
2 86 98
68 81 98
11 28 6
20 54 84
16 99 31
38 81 31
1 9 30
7 33 77
73 94 71
33 67 38
78 92 55
51 75 32
1 9 85
36 91 70
1 9 18
16 45 3
70 76 39
3 93 61
7 53 94
55 62 13
3 93 81
44 88 68
52 57 89
23 93 32
11 61 18
30 38 50
26 48 29
16 99 86
23 93 85
30 38 89
8 60 53
52 57 81
67 74 55
23 93 55
16 99 67
55 62 86
67 74 42
3 93 53
71 95 85
52 57 77
11 28 97
52 57 70
4 81 88
71 95 60
0 57 89
27 86 83
7 53 13
27 66 37
11 87 30
3 74 6
61 77 52
43 45 58
0 57 79
16 45 73
73 94 92
38 81 64
15 24 75
42 81 45
55 62 1
30 38 24
42 81 99
47 53 65
17 19 36
12 71 51
73 94 24
1 55 37
0 57 64
3 93 8
73 94 39
46 98 63
33 67 30
7 53 80
4 81 46
2 86 57
23 93 23
71 95 33
16 45 62
68 81 93
12 71 38
38 82 76
1 9 59
11 28 79
73 94 97
4 81 78
20 54 83
43 45 77
20 54 82
73 94 2
14 46 91
68 81 89
27 86 43
3 74 29
12 71 41
0 57 99
73 94 87
14 46 11
68 81 6
71 95 42
1 55 56
45 52 6
31 34 8
4 89 50
20 54 30
45 52 41
27 86 95
73 94 7
61 77 26
3 93 87
52 57 2
43 45 25
12 71 8
52 57 18
45 52 83
42 56 4
50 89 39
28 94 23
38 81 23
4 74 68
4 81 98
11 61 48
71 95 7
23 93 90
3 51 56
10 93 94
38 81 79
81 94 13
4 89 50
31 34 36
1 9 53
7 33 92
73 94 45
1 9 64
67 85 75
12 71 33
16 45 71
23 93 25
1 42 83
73 94 80
4 81 10
11 28 47
16 99 71
68 81 94
11 28 16
2 86 55
15 24 61
23 93 77
2 86 71
7 53 95
68 81 97
11 28 52
73 94 4
52 57 7
68 81 99
15 24 48
3 34 68
0 57 53
43 45 13
20 40 39
73 94 35
20 54 27
7 33 60
1 9 24
33 67 1
30 38 3
4 81 71
45 52 44
38 81 88
17 45 67
73 94 79
0 57 52
15 24 15
38 81 87
38 81 39
11 87 37
2 86 56
45 52 97
15 24 14
27 86 45
28 94 64
45 52 25
28 94 83
7 33 7
63 80 49
44 88 18
60 98 54
2 86 31
38 81 95
52 57 96
3 93 23
36 91 56
15 24 20
68 81 16
47 84 43
23 93 38
15 37 29
33 67 5
3 93 23
7 33 84
12 71 29
73 94 21
0 57 62
2 86 95
11 28 20
61 77 45
27 86 73
4 81 17
6 9 6
73 94 46
39 49 5
18 95 46
3 93 60
73 94 13
42 56 36
0 57 53
23 93 88
31 34 38
6 9 76
61 77 39
7 53 8
73 94 82
23 93 57
31 34 64
30 38 100
16 45 62
17 45 36
23 93 7
38 81 29
0 57 40
23 93 29
67 85 8
67 85 27
43 45 100
68 81 74
11 28 53
18 95 23
3 74 12
60 98 52
15 24 23
17 45 42
23 93 34
71 95 35
18 95 27
11 28 1
7 53 39
18 95 28
11 28 37
37 54 5
7 53 59
1 9 66
11 61 35
2 86 24
1 9 58
71 95 39
68 81 64
23 93 91
8 60 42
78 92 32
16 45 41
60 61 88
42 81 19
7 53 72
15 24 65
73 94 40
28 32 91
68 81 55
20 54 57
73 94 82
12 71 64
7 33 90
15 24 73
11 61 10
7 33 19
34 90 8
55 62 71
4 89 76
65 71 12
78 92 54
16 99 27
61 77 93
1 55 4
45 74 20
26 48 65
38 81 75
3 93 31
38 81 5
27 86 7
2 86 62
20 54 36
38 81 41
73 94 60
68 81 4
14 46 82
3 34 8
4 81 42
38 81 59
68 81 92
67 74 90
7 53 85
1 55 38
30 38 45
17 45 77
43 45 82
12 71 96
4 81 71
38 81 11
51 75 63
47 53 13
61 77 10
26 48 60
12 71 12
65 71 70
16 45 22
12 71 1
55 62 39
4 81 9
1 55 90
1 9 3
67 74 1
4 89 60
80 98 7
12 71 95
22 58 22
1 55 59
42 56 69
2 86 48
45 52 96
11 28 25
38 82 68
3 34 51
27 86 87
28 94 95
52 57 23
38 81 31
28 94 19
1 9 83
38 82 82
23 93 20
38 81 52
67 74 59
23 93 27
26 48 29
16 99 11
80 98 75
15 24 13
11 28 50
51 75 95
38 82 30
71 95 24
45 52 10
44 88 11
73 94 1
52 57 64
73 94 53
67 85 62
67 74 78
73 94 72
26 48 62
15 24 81
1 9 72
28 94 94
12 71 13
0 57 81
15 24 68
11 87 55
63 80 23
23 93 22
68 81 23
15 37 74
11 28 60
38 81 100
17 45 31
52 57 58
20 54 9
38 81 5
4 89 49
22 52 40
18 95 86
15 24 35
45 74 13
38 81 18
15 37 8
7 33 84
4 81 22
30 38 38
4 74 24
73 94 80
2 86 65
7 33 80
47 53 21
12 71 48
46 98 71
20 54 4
42 81 88
41 70 9
61 77 18
14 46 19
27 86 45
70 76 39
47 53 77
38 81 57
27 66 43
2 86 40
15 24 2
2 86 27
23 93 84
1 9 13
43 45 69
38 81 28
73 94 22
68 81 56
30 38 95
7 53 62
73 94 70
0 57 41
4 89 30
47 53 75
33 67 88
16 45 95
73 94 35
27 86 91
15 24 25
3 93 98
73 94 58
14 46 87
67 74 45
73 94 56
11 70 33
38 81 61
45 52 16
16 45 73
11 61 88
0 57 99
7 33 16
27 86 68
17 45 33
0 57 86
12 71 98
3 51 87
38 81 52
15 37 53
4 81 78
23 93 70
3 93 12
73 94 6
52 57 40
63 80 29
61 77 41
3 74 1
68 81 63
23 93 61
11 87 89
34 90 39
4 81 10
15 24 89
10 93 65
4 89 86
10 93 68
67 74 82
14 46 93
68 81 64
18 95 46
39 49 48
2 86 24
30 38 13
6 9 35
2 86 36
11 61 35
4 81 16
71 95 71
45 96 24
7 53 85
11 28 70
4 89 16
15 24 89
8 60 8
14 46 25
63 80 11
15 24 97
2 86 87
51 75 96
45 52 48
18 95 68
61 77 67
50 89 59
1 9 36
68 81 33
16 99 69
27 86 91
17 45 8
34 90 63
45 52 46
3 93 16
2 86 54
23 93 17
39 49 74
7 33 67
27 86 45
16 45 28
31 34 39
12 71 71
1 55 51
8 60 67
68 81 41
50 89 64
4 81 15
65 99 9
50 89 67
45 52 23
61 77 17
38 81 40
7 53 21
3 74 5
12 71 1
16 45 73
3 74 41
1 88 79
28 94 63
23 93 89
15 24 9
38 82 79
15 24 6
3 74 63
27 86 59
62 83 62
68 81 56
4 74 63
42 81 1
67 85 89
7 33 90
8 60 99
3 74 44
46 72 33
1 9 34
1 55 45
45 52 15
17 19 6
26 48 61
1 55 82
17 19 4
38 81 17
7 53 68
26 48 94
26 48 54
20 54 44
23 93 30
1 42 80
1 55 47
46 72 67
71 95 59
38 81 25
27 66 22
2 86 21
38 81 69
16 45 45
17 19 85
1 42 4
81 94 76
23 93 87
45 52 81
28 94 94
0 57 77
73 94 95
38 81 63
68 81 89
7 53 52
11 61 93
11 61 43
47 53 34
13 40 54
73 94 60
47 84 52
34 90 77
55 62 38
73 94 24
20 54 14
12 71 41
33 67 92
38 81 77
26 48 4
7 33 88
27 86 40
42 56 86
38 81 34
26 48 14
31 34 14
10 93 63
2 86 100
0 57 28
33 67 58
45 52 63
20 54 94
60 98 91
10 93 75
11 28 22
38 81 60
38 81 79
32 36 25
15 24 63
42 81 1
78 92 74
11 61 55
73 94 18
3 74 59
73 94 33
3 74 100
73 94 49
27 66 69
15 24 87
68 81 39
23 93 24
17 45 25
45 52 4
9 59 38
26 48 15
45 52 79
2 86 30
7 33 16
50 89 60
26 48 48
42 81 40
1 42 2
38 81 26
15 24 65
3 34 87
3 93 59
38 81 62
12 71 42
4 89 23
73 94 57
43 45 68
15 24 78
22 69 2
18 95 84
1 9 6
4 89 53
50 89 12
20 54 35
4 81 13
52 57 48
3 93 59
23 93 26
0 57 65
23 93 62
16 45 13
15 24 17
9 59 64
73 94 76
34 90 52
23 93 84
1 55 87
18 95 85
20 54 74
73 94 4
55 62 42
38 81 36
4 89 36
14 46 42
26 48 73
28 94 54
4 81 53
27 86 72
2 86 3
73 94 28
78 92 35
6 9 72
38 81 62
78 92 89
4 81 46
45 52 54
1 55 93
38 82 26
18 95 60
26 48 69
39 49 28
50 89 79
73 94 18
4 81 2
0 57 58
7 53 78
7 33 81
22 58 13
2 86 18
7 53 46
63 80 49
18 95 72
3 93 51
73 94 18
23 93 63
4 89 60
31 34 100
1 9 17
12 71 82
38 81 94
8 60 73
67 74 54
73 94 69
20 54 99
34 90 68
12 71 32
14 46 19
23 93 12
12 71 53
1 9 71
23 93 76
73 94 65
32 36 45
46 98 36
73 94 19
27 66 51
9 59 53
52 57 76
20 54 5
42 81 96
14 46 3
71 95 84
61 77 13
22 58 98
11 28 49
16 99 96
28 94 83
16 99 31
28 94 27
0 57 69
23 93 84
15 24 80
32 36 29
2 86 13
81 94 92
73 94 95
60 98 74
12 71 66
11 28 83
11 61 43
15 24 31
42 81 4
50 89 52
16 45 54
8 60 71
4 81 40
23 93 12
73 94 21
26 48 43
63 80 34
23 93 12
73 94 96
11 87 67
46 98 27
14 46 35
71 95 54
3 93 85
11 28 24
20 54 18
60 61 38
67 74 55
9 59 66
7 53 13
73 94 44
4 81 63
11 28 59
16 99 91
43 45 29
46 72 1
0 57 91
22 58 7
73 94 69
16 45 85
71 95 4
73 94 35
23 93 47
61 77 24
52 57 84
12 71 45
15 24 96
15 24 75
67 85 28
4 89 65
10 93 74
11 87 26
15 24 47
55 62 69
38 81 80
7 33 7
17 45 33
36 91 93
60 98 7
11 28 97
45 52 18
73 94 8
71 95 79
16 45 20
8 60 59
33 67 3
28 94 3
7 53 17
4 89 46
67 74 93
12 71 88
67 74 19
20 40 39
11 61 43
15 37 57
38 81 62
38 81 100
8 60 35
67 74 57
3 74 86
27 86 55
3 34 48
30 38 46
67 74 68
38 81 11
30 38 85
16 45 69
34 90 57
10 93 63
4 89 59
67 74 82
7 33 68
23 93 83
11 28 9
33 67 65
43 45 15
22 58 81
27 86 31
61 77 45
18 95 34
4 89 13
63 80 91
22 58 51
17 45 84
73 94 2
20 54 37
1 9 87
45 52 82
17 45 55
1 9 41
38 81 46
42 81 22
3 93 54
0 57 55
16 99 19
4 74 53
73 94 32
3 74 6
11 28 35
1 9 86
7 33 23
23 93 98
51 75 92
14 46 95
67 74 58
36 91 20
3 93 91
1 88 9
23 93 81
17 19 76
14 46 86
28 94 52
1 9 10
45 74 56
27 66 29
27 86 60
23 93 95
71 95 72
61 77 6
2 86 25
4 89 35
23 93 50
7 33 44
70 76 22
22 58 5
7 33 76
15 24 25
15 24 57
17 45 22
42 81 20
71 95 19
68 81 3
71 95 52
6 9 7
0 57 1
47 53 2
0 57 79
23 93 50
47 53 51
1 42 49
67 74 40
52 57 30
27 86 15
80 98 95
4 89 2
50 89 32
68 81 12
18 95 96
45 52 92
7 53 69
22 58 61
71 95 29
68 81 70
11 28 60
38 81 92
38 81 79
16 45 76
20 40 35
73 94 85
20 54 12
20 54 65
55 62 7
4 89 93
4 81 94
43 45 86
38 81 69
20 54 20
42 81 16
73 94 53
7 33 21
11 28 59
61 77 15
1 55 49
23 93 21
68 81 48
28 32 62
4 89 12
55 62 59
1 9 83
13 48 59
1 55 45
11 28 48
6 9 13
67 74 55
50 89 33
26 48 50
1 88 96
80 98 20
27 66 100
47 84 85
7 53 15
24 94 25
43 45 9
28 94 67
12 71 38
4 74 39
67 74 13
42 81 50
47 53 37
55 62 91
60 98 70
4 81 63
38 81 77
1 9 40
23 93 17
18 95 88
47 84 75
16 99 67
20 54 46
4 74 5
11 28 46
70 76 6
42 56 56
15 24 72
60 98 45
27 86 47
22 58 52
14 46 13
7 33 18
16 45 66
20 40 16
7 33 82
61 77 50
52 57 86
16 99 41
73 94 37
38 81 76
71 95 76
2 86 78
38 81 23
2 86 9
11 61 97
1 55 24
2 86 55
4 89 82
36 91 16
38 81 10
27 86 100
46 72 91
52 57 84
43 45 6
38 81 39
38 82 77
23 93 32
16 45 67
2 86 83
47 53 70
60 98 29
1 9 78
73 94 51
3 93 32
50 89 56
30 38 8
2 86 78
37 54 31
2 86 25
39 49 2
43 45 91
50 89 88
11 28 40
80 98 88
38 82 79
38 81 84
1 55 84
38 82 76
4 89 61
27 66 87
1 9 77
71 95 10
46 98 4
26 48 70
20 54 51
0 57 89
11 28 16
23 93 55
3 35 65
55 62 41
38 81 82
73 94 52
4 81 28
8 60 25
10 93 82
70 76 92
11 70 50
12 71 45
31 34 8
67 85 57
27 66 40
1 55 8
42 56 43
67 74 67
11 61 24
33 67 55
45 74 15
52 57 77
12 71 18
68 81 90
33 67 21
28 32 82
7 33 53
52 57 17
38 82 13
55 62 56
42 56 54
10 93 59
4 81 43
61 77 98
30 38 94
51 75 15
60 98 92
38 81 10
2 86 34
73 94 11
45 52 40
73 94 52
12 71 53
27 66 50
71 95 73
27 86 84
16 45 29
50 89 51
12 71 84
67 85 51
22 58 34
27 86 52
23 93 7
70 76 73
23 93 76
15 24 77
20 54 23
11 28 61
23 93 52
7 33 57
0 57 87
73 94 42
15 24 38
65 71 11
33 67 34
11 28 13
4 89 6
31 34 15
18 95 79
1 9 4
47 53 86
68 81 77
27 66 7
45 52 46
70 76 60
1 9 59
12 71 73
50 89 54
24 94 53
4 81 50
4 89 94
17 45 26
68 81 58
3 35 38
7 53 58
73 94 91
45 74 30
12 71 42
20 54 44
42 56 3
20 54 85
27 66 44
10 93 33
4 81 36
1 88 3
16 45 3
23 93 33
11 28 36
63 80 90
18 95 75
52 57 47
44 88 11
38 81 51
22 58 50
60 98 30
52 57 80
73 94 28
46 72 32
78 92 39
18 95 68
0 57 92
6 9 10
32 36 25
7 53 34
43 45 18
45 52 25
68 81 29
16 45 16
7 33 68
4 89 29
22 58 54
73 94 83
34 90 28
0 57 49
16 45 20
73 94 53
16 45 49
17 45 81
6 9 2
0 57 75
68 81 65
1 55 11
23 93 6
8 60 55
38 81 74
16 45 84
0 57 22
11 28 76
2 79 12
17 19 94
0 57 28
11 28 33
16 99 30
73 94 39
24 94 49
45 96 93
38 81 61
28 32 89
38 82 56
30 38 59
33 67 86
27 86 14
27 86 7
73 94 99
11 28 66
38 81 12
12 71 100
0 57 77
20 54 36
43 45 30
46 98 18
0 57 58
20 54 60
43 45 13
34 90 98
44 88 43
42 81 64
1 9 9
47 53 41
68 81 77
0 57 96
42 81 28
3 34 35
45 52 55
47 53 95
15 24 5
23 93 3
10 93 89
45 74 64
4 81 75
13 40 82
16 99 17
73 94 35
7 53 1
23 93 38
38 81 74
0 57 70
68 81 26
23 93 41
1 55 45
50 89 32
30 38 10
10 93 74
28 94 89
20 54 73
73 94 99
22 58 87
15 24 19
11 61 71
11 28 38
7 33 65
67 85 6
67 85 61
18 95 90
17 45 50
11 28 66
11 87 15
43 45 44
12 71 78
70 76 28
26 48 29
30 38 14
38 81 92
1 9 62
71 95 1
46 72 69
1 88 43
1 55 71
67 85 64
16 45 98
11 28 86
27 86 17
68 81 13
11 28 64
8 60 5
1 42 89
27 86 95
27 86 16
23 93 99
15 24 52
81 94 72
16 45 47
73 94 32
16 45 49
31 34 10
45 52 37
78 92 63
60 61 43
31 34 37
52 57 95
68 81 90
43 45 4
28 94 8
78 92 14
26 48 10
23 93 92
28 94 50
73 94 68
15 37 22
43 45 92
7 33 29
38 81 36
68 81 91
7 33 88
15 24 27
11 61 21
34 90 7
38 81 48
2 86 43
8 60 8
37 54 28
1 9 90
8 60 71
16 45 56
33 67 40
8 60 65
71 95 48
78 92 76
18 95 18
7 33 41
13 40 15
0 57 55
30 38 7
33 67 83
38 82 40
16 99 20
38 81 31
23 93 10
52 57 96
28 32 8
15 24 100
55 62 76
46 72 33
4 81 28
45 52 22
15 24 23
8 60 37
15 24 29
15 24 80
46 98 91
63 80 71
7 53 52
14 46 62
50 89 16
67 74 8
38 81 76
31 34 100
16 45 38
22 58 34
2 86 27
16 99 28
0 57 41
65 71 99
73 94 100
7 53 93
8 60 88
42 81 93
15 24 54
38 81 52
16 45 2
23 93 33
70 76 17
17 19 59
15 24 43
28 32 51
11 61 83
8 60 61
20 54 13
15 24 89
11 61 48
30 38 36
7 53 74
52 57 87
13 48 83
70 76 95
1 9 23
2 86 51
17 19 80
52 57 4
7 53 15
55 62 21
12 71 46
11 87 13
45 74 67
4 81 99
28 94 26
42 56 8
2 86 22
4 89 68
7 33 23
55 62 93
3 93 100
78 92 87
18 95 25
73 94 57
49 83 84
20 54 31
12 71 12
15 24 80
0 57 51
31 34 9
32 36 6
10 93 99
67 74 93
42 81 42
3 74 97
18 95 65
27 86 14
1 9 87
2 86 16
13 40 45
68 81 14
81 94 99
78 92 26
60 61 25
47 84 90
4 81 5
15 24 56
63 80 1
23 93 87
16 45 28
23 93 92
22 52 97
71 95 1
50 89 100
52 57 70
28 94 1
70 76 97
12 71 29
23 93 76
65 99 69
38 82 36
1 9 74
16 45 10
73 94 74
38 81 93
27 86 88
63 80 59
17 45 60
10 93 90
1 88 78
11 87 8
0 57 53
11 28 70
39 49 71
38 81 98
10 93 75
38 81 74
20 54 86
20 54 20
27 86 26
38 81 70
6 9 81
71 95 43
2 86 21
27 66 61
22 58 9
45 52 89
1 42 7
17 45 13
4 74 86
34 90 69
60 98 78
22 58 53
33 67 56
45 52 13
28 32 52
26 48 32
38 82 90
11 28 64
23 93 57
16 45 10
45 52 55
45 52 87
4 89 38
7 33 75
34 90 58
16 99 54
20 54 68
27 86 8
23 93 23
15 24 4
15 24 17
26 48 47
1 88 8
42 56 91
15 24 36
2 86 95
20 54 30
0 57 66
3 74 19
8 60 76
11 61 46
9 59 41
11 28 83
52 57 73
11 61 95
26 48 35
12 71 73
45 74 43
11 87 79
18 95 64
55 62 96
23 93 91
27 86 49
20 54 26
73 94 82
10 93 37
23 93 14
4 74 55
73 94 71
20 54 12
73 94 34
7 53 69
38 81 85
42 56 50
23 93 44
10 93 40
73 94 36
71 95 64
2 86 23
0 57 29
38 81 6
44 88 14
27 66 95
28 94 23
1 9 89
31 34 69
27 66 3
45 52 92
68 81 1
4 81 50
2 86 39
22 52 51
50 89 9
15 24 37
60 98 97
60 61 93
20 54 59
27 66 76
13 48 19
1 55 15
1 55 1
0 57 49
27 66 96
68 81 26
13 40 26
27 66 2
16 99 86
67 74 86
27 86 91
61 77 59
30 38 51
15 24 53
73 94 78
71 95 3
34 90 56
12 71 4
7 33 72
4 89 76
1 9 80
23 93 80
78 92 40
16 99 78
42 81 99
8 60 10
17 45 87
4 81 75
71 95 40
17 19 56
3 74 96
3 74 56
11 61 4
15 24 93
26 48 90
73 94 60
31 34 40
3 74 57
68 81 48
45 52 9
2 86 21
46 72 22
65 71 29
23 93 60
16 45 16
44 88 43
12 71 25
12 71 83
33 67 46
18 95 66
12 71 64
17 45 51
20 54 22
31 34 22
23 93 98
27 66 77
7 33 95
62 83 56
38 81 95
78 92 9
1 9 28
14 46 27
45 52 50
20 54 49
11 61 77
42 56 66
73 94 65
42 81 28
1 42 56
13 48 16
38 82 52
16 99 18
7 33 86
50 89 91
61 77 43
12 71 21
0 57 29
33 67 47
73 94 26
21 37 58
73 94 87
16 45 75
4 81 56
22 58 82
67 85 93
4 81 63
71 95 28
0 57 97
2 86 97
7 33 17
27 66 65
68 81 28
68 81 2
22 58 21
11 87 47
23 93 31
23 93 47
65 71 96
16 99 23
11 87 6
0 57 55
46 98 96
1 9 92
22 58 41
12 71 60
71 95 21
42 56 37
1 9 59
60 98 89
7 33 49
9 59 25
27 86 64
72 78 47
6 9 23
11 87 69
15 24 84
38 81 32
12 71 19
4 81 84
80 98 44
7 53 72
26 48 93
16 99 56
0 57 96
55 62 62
4 89 40
3 93 21
24 94 6
8 60 57
68 81 85
52 57 12
23 93 93
1 42 4
1 9 20
4 89 50
12 71 54
23 93 35
0 57 33
15 24 91
45 52 69
42 56 14
73 94 9
2 86 46
16 45 49
15 24 56
6 9 52
1 55 27
2 86 73
4 89 29
1 42 5
23 93 28
73 94 20
47 84 13
11 61 45
0 57 37
33 67 24
11 70 96
60 98 57
67 85 70
73 94 30
23 93 87
1 9 84
3 93 39
1 42 86
47 53 21
28 94 86
71 95 53
42 56 29
38 81 72
31 34 14
20 54 68
68 81 45
68 81 82
3 34 70
42 56 45
30 38 38
0 57 29
11 28 36
26 48 93
11 87 94
68 81 26
6 9 83
1 9 83
23 93 87
65 71 54
27 66 84
27 86 19
33 67 84
7 33 27
11 87 71
36 91 24
55 62 92
28 94 90
7 33 66
16 45 62
27 66 28
16 45 32
4 81 4
11 28 89
7 53 22
11 28 10
73 94 76
68 81 97
73 94 91
67 74 18
15 24 61
0 57 23
33 67 1
62 83 99
16 45 42
27 86 28
38 81 99
16 45 57
34 90 99
68 81 37
18 95 55
10 93 94
20 54 74
16 45 91
78 92 37
15 24 9
33 67 17
27 86 98
16 99 54
8 60 42
68 81 65
22 58 94
67 74 80
61 77 95
73 94 23
23 93 62
23 93 37
1 9 94
27 86 24
73 94 89
27 86 28
4 81 74
1 9 26
28 32 82
2 86 11
73 94 52
9 59 67
38 81 43
42 81 75
1 9 96
60 61 10
18 95 26
8 60 94
73 94 18
3 74 44
20 54 29
67 74 95
15 37 29
4 81 38
27 86 93
11 87 1
73 94 21
52 57 4
13 48 42
11 28 53
23 93 28
43 45 63
68 81 24
3 93 86
12 71 47
73 94 88
68 81 25
34 90 67
81 94 94
15 24 97
73 94 68
27 86 100
15 24 52
3 93 69
6 9 44
17 19 63
68 81 92
17 45 24
45 52 23
31 34 34
11 28 17
61 77 13
1 9 17
12 71 61
3 74 18
12 71 95
81 94 15
47 84 1
1 9 10
22 58 87
2 86 16
80 98 32
30 38 20
42 56 72
68 81 20
61 77 86
46 72 93
81 94 18
0 57 89
4 89 25
65 71 46
68 81 25
27 86 20
18 95 13
4 89 78
12 71 98
17 19 88
15 24 38
1 55 77
23 93 32
67 85 22
1 42 34
47 53 48
0 57 57
28 94 42
3 93 16
17 19 22
12 71 92
27 66 37
45 52 63
26 48 10
0 57 23
43 45 60
18 95 1
24 94 31
38 81 53
36 91 45
67 74 91
23 93 49
17 45 94
65 71 17
47 84 82
4 81 22
12 71 36
12 71 6
11 28 52
11 87 18
50 89 42
73 94 66
38 81 69
61 77 55
17 45 28
45 52 5
0 57 17
12 71 78
73 94 69
8 60 13
16 45 3
52 57 27
28 94 61
17 45 96
0 57 13
28 94 95
16 45 51
3 93 60
2 86 23
15 37 25
3 74 56
0 57 70
23 93 74
71 95 46
30 38 98
18 95 88
27 86 61
25 75 6
68 81 32
25 75 78
38 82 66
18 95 92
4 81 55
55 62 80
45 52 55
4 81 6
38 81 94
27 86 11
15 24 65
23 93 83
12 71 87
52 57 33
38 81 83
27 86 98
1 55 77
23 93 59
71 95 80
14 46 20
27 86 87
23 93 78
12 71 94
61 77 54
0 57 87
28 94 81
63 80 83
68 81 84
11 87 48
17 45 91
16 45 86
8 60 66
33 67 85
45 52 33
47 53 4
23 93 14
73 94 23
9 59 99
67 85 29
0 57 26
3 74 83
45 52 64
15 24 93
31 34 76
15 24 21
50 89 47
43 45 75
11 61 7
43 45 65
43 45 98
67 85 25
23 93 74
2 86 91
65 99 6
51 75 51
11 87 17
23 93 50
67 74 34
52 57 62
23 93 20
7 33 3
4 81 21
44 88 2
55 62 65
34 90 45
27 86 61
32 36 20
