100
93139 24691 
46986 66768 
45484 17631 
40337 33091 
65730 94077 
72479 21493 
38768 22381 
37667 90164 
47830 58011 
27405 69002 
74577 39099 
5842 14953 
47869 70044 
38174 57361 
76700 40088 
92994 84940 
9485 63010 
65299 83396 
45923 54728 
73195 83987 
17377 63203 
82330 95021 
1348 30991 
24758 16571 
69808 64930 
25087 90321 
56384 42121 
9600 91007 
41124 5972 
43296 25831 
83004 20995 
51188 96476 
26609 35201 
86202 57324 
84848 74046 
18531 18242 
35466 25293 
18317 37598 
13380 24897 
81501 35166 
30660 59258 
63839 90051 
48371 45706 
28666 65329 
86180 49597 
31839 79781 
46851 938 
64392 94906 
7495 55297 
55716 11626 
42652 55882 
63312 6214 
34574 63071 
52953 5773 
35553 40005 
75289 84453 
33913 49703 
70740 60104 
72741 10871 
21761 38265 
50572 49852 
29352 77863 
7918 59679 
69195 40624 
71817 75197 
50625 5145 
26317 82701 
78679 65144 
98187 82379 
81182 94712 
59 58451 
80618 99074 
45892 1527 
9274 39810 
50847 19008 
74902 6281 
96546 84155 
66705 1506 
98913 20519 
82809 49213 
33642 65872 
96828 55388 
12828 94137 
93385 83887 
72574 38771 
35120 30234 
5464 73655 
34997 74167 
23618 38635 
66031 61883 
50223 94696 
65608 54849 
42165 28239 
82168 69580 
2409 89461 
90498 74814 
71008 9403 
43680 55334 
51714 17155 
81546 36968 
