Case 1:
1 2 3 4 5 6
1 2 3 4 5 6
Case 2:
1 2 3 4 5 6
1 2 3 4 5 6
Case 3:
1 2 3 4 5 6
1 2 3 4 5 6
Case 4:
1 2 3 4 5 6
1 2 3 4 5 6
Case 5:
1 2 3 4 5 6
1 2 3 4 5 6
Case 6:
1 2 3 4 5 6
1 2 3 4 5 6
Case 7:
1 2 3 4 5 6
1 2 3 4 5 6
Case 8:
1 2 3 4 5 6
1 2 3 4 5 6
Case 9:
1 2 3 4 5 6
1 2 3 4 5 6
Case 10:
1 2 3 4 5 6
1 2 3 4 5 6
Case 11:
1 2 3 4 5 6
1 2 3 4 5 6
Case 12:
1 2 3 4 5 6
1 2 3 4 5 6
Case 13:
1 2 3 4 5 6
1 2 3 4 5 6
Case 14:
1 2 3 4 5 6
1 2 3 4 5 6
Case 15:
1 2 3 4 5 6
1 2 3 4 5 6
Case 16:
1 2 3 4 5 6
1 2 3 4 5 6
Case 17:
1 2 3 4 5 6
1 2 3 4 5 6
Case 18:
1 2 3 4 5 6
1 2 3 4 5 6
Case 19:
1 2 3 4 5 6
1 2 3 4 5 6
Case 20:
1 2 3 4 5 6
1 2 3 4 5 6
Case 21:
1 2 3 4 5 6
1 2 3 4 5 6
Case 22:
1 2 3 4 5 6
1 2 3 4 5 6
Case 23:
1 2 3 4 5 6
1 2 3 4 5 6
Case 24:
1 2 3 4 5 6
1 2 3 4 5 6
Case 25:
1 2 3 4 5 6
1 2 3 4 5 6
Case 26:
1 2 3 4 5 6
1 2 3 4 5 6
Case 27:
1 2 3 4 5 6
1 2 3 4 5 6
Case 28:
1 2 3 4 5 6
1 2 3 4 5 6
Case 29:
1 2 3 4 5 6
1 2 3 4 5 6
Case 30:
1 2 3 4 5 6
1 2 3 4 5 6
Case 31:
1 2 3 4 5 6
1 2 3 4 5 6
Case 32:
1 2 3 4 5 6
1 2 3 4 5 6
Case 33:
1 2 3 4 5 6
1 2 3 4 5 6
Case 34:
1 2 3 4 5 6
1 2 3 4 5 6
Case 35:
1 2 3 4 5 6
1 2 3 4 5 6
Case 36:
1 2 3 4 5 6
1 2 3 4 5 6
Case 37:
1 2 3 4 5 6
1 2 3 4 5 6
Case 38:
1 2 3 4 5 6
1 2 3 4 5 6
Case 39:
1 2 3 4 5 6
1 2 3 4 5 6
Case 40:
1 2 3 4 5 6
1 2 3 4 5 6
Case 41:
1 2 3 4 5 6
1 2 3 4 5 6
Case 42:
1 2 3 4 5 6
1 2 3 4 5 6
Case 43:
1 2 3 4 5 6
1 2 3 4 5 6
Case 44:
1 2 3 4 5 6
1 2 3 4 5 6
Case 45:
1 2 3 4 5 6
1 2 3 4 5 6
Case 46:
1 2 3 4 5 6
1 2 3 4 5 6
Case 47:
1 2 3 4 5 6
1 2 3 4 5 6
Case 48:
1 2 3 4 5 6
1 2 3 4 5 6
Case 49:
1 2 3 4 5 6
1 2 3 4 5 6
Case 50:
1 2 3 4 5 6
1 2 3 4 5 6
Case 51:
1 2 3 4 5 6
1 2 3 4 5 6
Case 52:
1 2 3 4 5 6
1 2 3 4 5 6
Case 53:
1 2 3 4 5 6
1 2 3 4 5 6
Case 54:
1 2 3 4 5 6
1 2 3 4 5 6
Case 55:
1 2 3 4 5 6
1 2 3 4 5 6
Case 56:
1 2 3 4 5 6
1 2 3 4 5 6
Case 57:
1 2 3 4 5 6
1 2 3 4 5 6
Case 58:
1 2 3 4 5 6
1 2 3 4 5 6
Case 59:
1 2 3 4 5 6
1 2 3 4 5 6
Case 60:
1 2 3 4 5 6
1 2 3 4 5 6
Case 61:
1 2 3 4 5 6
1 2 3 4 5 6
Case 62:
1 2 3 4 5 6
1 2 3 4 5 6
Case 63:
1 2 3 4 5 6
1 2 3 4 5 6
Case 64:
1 2 3 4 5 6
1 2 3 4 5 6
Case 65:
1 2 3 4 5 6
1 2 3 4 5 6
Case 66:
1 2 3 4 5 6
1 2 3 4 5 6
Case 67:
1 2 3 4 5 6
1 2 3 4 5 6
Case 68:
1 2 3 4 5 6
1 2 3 4 5 6
Case 69:
1 2 3 4 5 6
1 2 3 4 5 6
Case 70:
1 2 3 4 5 6
1 2 3 4 5 6
Case 71:
1 2 3 4 5 6
1 2 3 4 5 6
Case 72:
1 2 3 4 5 6
1 2 3 4 5 6
Case 73:
1 2 3 4 5 6
1 2 3 4 5 6
Case 74:
1 2 3 4 5 6
1 2 3 4 5 6
Case 75:
1 2 3 4 5 6
1 2 3 4 5 6
Case 76:
1 2 3 4 5 6
1 2 3 4 5 6
Case 77:
1 2 3 4 5 6
1 2 3 4 5 6
Case 78:
1 2 3 4 5 6
1 2 3 4 5 6
Case 79:
1 2 3 4 5 6
1 2 3 4 5 6
Case 80:
1 2 3 4 5 6
1 2 3 4 5 6
Case 81:
1 2 3 4 5 6
1 2 3 4 5 6
Case 82:
1 2 3 4 5 6
1 2 3 4 5 6
Case 83:
1 2 3 4 5 6
1 2 3 4 5 6
Case 84:
1 2 3 4 5 6
1 2 3 4 5 6
Case 85:
1 2 3 4 5 6
1 2 3 4 5 6
Case 86:
1 2 3 4 5 6
1 2 3 4 5 6
Case 87:
1 2 3 4 5 6
1 2 3 4 5 6
Case 88:
1 2 3 4 5 6
1 2 3 4 5 6
Case 89:
1 2 3 4 5 6
1 2 3 4 5 6
Case 90:
1 2 3 4 5 6
1 2 3 4 5 6
Case 91:
1 2 3 4 5 6
1 2 3 4 5 6
Case 92:
1 2 3 4 5 6
1 2 3 4 5 6
Case 93:
1 2 3 4 5 6
1 2 3 4 5 6
Case 94:
1 2 3 4 5 6
1 2 3 4 5 6
Case 95:
1 2 3 4 5 6
1 2 3 4 5 6
Case 96:
1 2 3 4 5 6
1 2 3 4 5 6
Case 97:
1 2 3 4 5 6
1 2 3 4 5 6
Case 98:
1 2 3 4 5 6
1 2 3 4 5 6
Case 99:
1 2 3 4 5 6
1 2 3 4 5 6
Case 100:
1 2 3 4 5 6
1 2 3 4 5 6