Test 1
        11111110
        11111110
        --------
        00000000
       11111110 
      11111110  
     11111110   
    11111110    
   11111110     
  11111110      
 11111110       
----------------
1111110000000100

Test 2
        11111110
        11111110
        --------
        00000000
       11111110 
      11111110  
     11111110   
    11111110    
   11111110     
  11111110      
 11111110       
----------------
1111110000000100

Test 3
        11111110
        11111110
        --------
        00000000
       11111110 
      11111110  
     11111110   
    11111110    
   11111110     
  11111110      
 11111110       
----------------
1111110000000100

Test 4
        11111110
        11111110
        --------
        00000000
       11111110 
      11111110  
     11111110   
    11111110    
   11111110     
  11111110      
 11111110       
----------------
1111110000000100

Test 5
        11111111
        11111111
        --------
        11111111
       11111111 
      11111111  
     11111111   
    11111111    
   11111111     
  11111111      
 11111111       
----------------
1111111000000001

Test 6
        11111110
        11111110
        --------
        00000000
       11111110 
      11111110  
     11111110   
    11111110    
   11111110     
  11111110      
 11111110       
----------------
1111110000000100

Test 7
        11111111
        11111110
        --------
        00000000
       11111111 
      11111111  
     11111111   
    11111111    
   11111111     
  11111111      
 11111111       
----------------
1111110100000010

Test 8
        11111111
        11111110
        --------
        00000000
       11111111 
      11111111  
     11111111   
    11111111    
   11111111     
  11111111      
 11111111       
----------------
1111110100000010

Test 9
        11111111
        11111111
        --------
        11111111
       11111111 
      11111111  
     11111111   
    11111111    
   11111111     
  11111111      
 11111111       
----------------
1111111000000001

Test 10
        11111110
        11111110
        --------
        00000000
       11111110 
      11111110  
     11111110   
    11111110    
   11111110     
  11111110      
 11111110       
----------------
1111110000000100

Test 11
        11111111
        11111110
        --------
        00000000
       11111111 
      11111111  
     11111111   
    11111111    
   11111111     
  11111111      
 11111111       
----------------
1111110100000010

Test 12
        11111111
        11111111
        --------
        11111111
       11111111 
      11111111  
     11111111   
    11111111    
   11111111     
  11111111      
 11111111       
----------------
1111111000000001

Test 13
        11111111
        11111110
        --------
        00000000
       11111111 
      11111111  
     11111111   
    11111111    
   11111111     
  11111111      
 11111111       
----------------
1111110100000010

Test 14
        11111111
        11111110
        --------
        00000000
       11111111 
      11111111  
     11111111   
    11111111    
   11111111     
  11111111      
 11111111       
----------------
1111110100000010

Test 15
        11111111
        11111110
        --------
        00000000
       11111111 
      11111111  
     11111111   
    11111111    
   11111111     
  11111111      
 11111111       
----------------
1111110100000010

Test 16
        11111111
        11111110
        --------
        00000000
       11111111 
      11111111  
     11111111   
    11111111    
   11111111     
  11111111      
 11111111       
----------------
1111110100000010

Test 17
        11111111
        11111111
        --------
        11111111
       11111111 
      11111111  
     11111111   
    11111111    
   11111111     
  11111111      
 11111111       
----------------
1111111000000001

Test 18
        11111111
        11111111
        --------
        11111111
       11111111 
      11111111  
     11111111   
    11111111    
   11111111     
  11111111      
 11111111       
----------------
1111111000000001

Test 19
        11111111
        11111111
        --------
        11111111
       11111111 
      11111111  
     11111111   
    11111111    
   11111111     
  11111111      
 11111111       
----------------
1111111000000001

Test 20
        11111111
        11111110
        --------
        00000000
       11111111 
      11111111  
     11111111   
    11111111    
   11111111     
  11111111      
 11111111       
----------------
1111110100000010

Test 21
        11111110
        11111110
        --------
        00000000
       11111110 
      11111110  
     11111110   
    11111110    
   11111110     
  11111110      
 11111110       
----------------
1111110000000100

Test 22
        11111111
        11111111
        --------
        11111111
       11111111 
      11111111  
     11111111   
    11111111    
   11111111     
  11111111      
 11111111       
----------------
1111111000000001

Test 23
        11111111
        11111111
        --------
        11111111
       11111111 
      11111111  
     11111111   
    11111111    
   11111111     
  11111111      
 11111111       
----------------
1111111000000001

Test 24
        11111110
        11111110
        --------
        00000000
       11111110 
      11111110  
     11111110   
    11111110    
   11111110     
  11111110      
 11111110       
----------------
1111110000000100

Test 25
        11111110
        11111110
        --------
        00000000
       11111110 
      11111110  
     11111110   
    11111110    
   11111110     
  11111110      
 11111110       
----------------
1111110000000100

Test 26
        11111110
        11111110
        --------
        00000000
       11111110 
      11111110  
     11111110   
    11111110    
   11111110     
  11111110      
 11111110       
----------------
1111110000000100

Test 27
        11111111
        11111110
        --------
        00000000
       11111111 
      11111111  
     11111111   
    11111111    
   11111111     
  11111111      
 11111111       
----------------
1111110100000010

Test 28
        11111110
        11111110
        --------
        00000000
       11111110 
      11111110  
     11111110   
    11111110    
   11111110     
  11111110      
 11111110       
----------------
1111110000000100

Test 29
        11111111
        11111110
        --------
        00000000
       11111111 
      11111111  
     11111111   
    11111111    
   11111111     
  11111111      
 11111111       
----------------
1111110100000010

Test 30
        11111110
        11111110
        --------
        00000000
       11111110 
      11111110  
     11111110   
    11111110    
   11111110     
  11111110      
 11111110       
----------------
1111110000000100

Test 31
        11111110
        11111110
        --------
        00000000
       11111110 
      11111110  
     11111110   
    11111110    
   11111110     
  11111110      
 11111110       
----------------
1111110000000100

Test 32
        11111110
        11111110
        --------
        00000000
       11111110 
      11111110  
     11111110   
    11111110    
   11111110     
  11111110      
 11111110       
----------------
1111110000000100

Test 33
        11111111
        11111111
        --------
        11111111
       11111111 
      11111111  
     11111111   
    11111111    
   11111111     
  11111111      
 11111111       
----------------
1111111000000001

Test 34
        11111110
        11111110
        --------
        00000000
       11111110 
      11111110  
     11111110   
    11111110    
   11111110     
  11111110      
 11111110       
----------------
1111110000000100

Test 35
        11111110
        11111110
        --------
        00000000
       11111110 
      11111110  
     11111110   
    11111110    
   11111110     
  11111110      
 11111110       
----------------
1111110000000100

Test 36
        11111111
        11111110
        --------
        00000000
       11111111 
      11111111  
     11111111   
    11111111    
   11111111     
  11111111      
 11111111       
----------------
1111110100000010

Test 37
        11111111
        11111110
        --------
        00000000
       11111111 
      11111111  
     11111111   
    11111111    
   11111111     
  11111111      
 11111111       
----------------
1111110100000010

Test 38
        11111110
        11111110
        --------
        00000000
       11111110 
      11111110  
     11111110   
    11111110    
   11111110     
  11111110      
 11111110       
----------------
1111110000000100

Test 39
        11111111
        11111110
        --------
        00000000
       11111111 
      11111111  
     11111111   
    11111111    
   11111111     
  11111111      
 11111111       
----------------
1111110100000010

Test 40
        11111111
        11111110
        --------
        00000000
       11111111 
      11111111  
     11111111   
    11111111    
   11111111     
  11111111      
 11111111       
----------------
1111110100000010

Test 41
        11111111
        11111110
        --------
        00000000
       11111111 
      11111111  
     11111111   
    11111111    
   11111111     
  11111111      
 11111111       
----------------
1111110100000010

Test 42
        11111110
        11111110
        --------
        00000000
       11111110 
      11111110  
     11111110   
    11111110    
   11111110     
  11111110      
 11111110       
----------------
1111110000000100

Test 43
        11111111
        11111110
        --------
        00000000
       11111111 
      11111111  
     11111111   
    11111111    
   11111111     
  11111111      
 11111111       
----------------
1111110100000010

Test 44
        11111111
        11111110
        --------
        00000000
       11111111 
      11111111  
     11111111   
    11111111    
   11111111     
  11111111      
 11111111       
----------------
1111110100000010

Test 45
        11111111
        11111110
        --------
        00000000
       11111111 
      11111111  
     11111111   
    11111111    
   11111111     
  11111111      
 11111111       
----------------
1111110100000010

Test 46
        11111111
        11111110
        --------
        00000000
       11111111 
      11111111  
     11111111   
    11111111    
   11111111     
  11111111      
 11111111       
----------------
1111110100000010

Test 47
        11111111
        11111111
        --------
        11111111
       11111111 
      11111111  
     11111111   
    11111111    
   11111111     
  11111111      
 11111111       
----------------
1111111000000001

Test 48
        11111111
        11111110
        --------
        00000000
       11111111 
      11111111  
     11111111   
    11111111    
   11111111     
  11111111      
 11111111       
----------------
1111110100000010

Test 49
        11111111
        11111110
        --------
        00000000
       11111111 
      11111111  
     11111111   
    11111111    
   11111111     
  11111111      
 11111111       
----------------
1111110100000010

Test 50
        11111111
        11111110
        --------
        00000000
       11111111 
      11111111  
     11111111   
    11111111    
   11111111     
  11111111      
 11111111       
----------------
1111110100000010

Test 51
        11111110
        11111110
        --------
        00000000
       11111110 
      11111110  
     11111110   
    11111110    
   11111110     
  11111110      
 11111110       
----------------
1111110000000100

Test 52
        11111110
        11111110
        --------
        00000000
       11111110 
      11111110  
     11111110   
    11111110    
   11111110     
  11111110      
 11111110       
----------------
1111110000000100

Test 53
        11111110
        11111110
        --------
        00000000
       11111110 
      11111110  
     11111110   
    11111110    
   11111110     
  11111110      
 11111110       
----------------
1111110000000100

Test 54
        11111111
        11111110
        --------
        00000000
       11111111 
      11111111  
     11111111   
    11111111    
   11111111     
  11111111      
 11111111       
----------------
1111110100000010

Test 55
        11111111
        11111110
        --------
        00000000
       11111111 
      11111111  
     11111111   
    11111111    
   11111111     
  11111111      
 11111111       
----------------
1111110100000010

Test 56
        11111111
        11111111
        --------
        11111111
       11111111 
      11111111  
     11111111   
    11111111    
   11111111     
  11111111      
 11111111       
----------------
1111111000000001

Test 57
        11111111
        11111110
        --------
        00000000
       11111111 
      11111111  
     11111111   
    11111111    
   11111111     
  11111111      
 11111111       
----------------
1111110100000010

Test 58
        11111110
        11111110
        --------
        00000000
       11111110 
      11111110  
     11111110   
    11111110    
   11111110     
  11111110      
 11111110       
----------------
1111110000000100

Test 59
        11111111
        11111110
        --------
        00000000
       11111111 
      11111111  
     11111111   
    11111111    
   11111111     
  11111111      
 11111111       
----------------
1111110100000010

Test 60
        11111111
        11111110
        --------
        00000000
       11111111 
      11111111  
     11111111   
    11111111    
   11111111     
  11111111      
 11111111       
----------------
1111110100000010

Test 61
        11111111
        11111110
        --------
        00000000
       11111111 
      11111111  
     11111111   
    11111111    
   11111111     
  11111111      
 11111111       
----------------
1111110100000010

Test 62
        11111111
        11111110
        --------
        00000000
       11111111 
      11111111  
     11111111   
    11111111    
   11111111     
  11111111      
 11111111       
----------------
1111110100000010

Test 63
        11111110
        11111110
        --------
        00000000
       11111110 
      11111110  
     11111110   
    11111110    
   11111110     
  11111110      
 11111110       
----------------
1111110000000100

Test 64
        11111111
        11111111
        --------
        11111111
       11111111 
      11111111  
     11111111   
    11111111    
   11111111     
  11111111      
 11111111       
----------------
1111111000000001

Test 65
        11111111
        11111110
        --------
        00000000
       11111111 
      11111111  
     11111111   
    11111111    
   11111111     
  11111111      
 11111111       
----------------
1111110100000010

Test 66
        11111111
        11111111
        --------
        11111111
       11111111 
      11111111  
     11111111   
    11111111    
   11111111     
  11111111      
 11111111       
----------------
1111111000000001

Test 67
        11111111
        11111110
        --------
        00000000
       11111111 
      11111111  
     11111111   
    11111111    
   11111111     
  11111111      
 11111111       
----------------
1111110100000010

Test 68
        11111111
        11111110
        --------
        00000000
       11111111 
      11111111  
     11111111   
    11111111    
   11111111     
  11111111      
 11111111       
----------------
1111110100000010

Test 69
        11111111
        11111110
        --------
        00000000
       11111111 
      11111111  
     11111111   
    11111111    
   11111111     
  11111111      
 11111111       
----------------
1111110100000010

Test 70
        11111111
        11111110
        --------
        00000000
       11111111 
      11111111  
     11111111   
    11111111    
   11111111     
  11111111      
 11111111       
----------------
1111110100000010

Test 71
        11111110
        11111110
        --------
        00000000
       11111110 
      11111110  
     11111110   
    11111110    
   11111110     
  11111110      
 11111110       
----------------
1111110000000100

Test 72
        11111111
        11111110
        --------
        00000000
       11111111 
      11111111  
     11111111   
    11111111    
   11111111     
  11111111      
 11111111       
----------------
1111110100000010

Test 73
        11111111
        11111110
        --------
        00000000
       11111111 
      11111111  
     11111111   
    11111111    
   11111111     
  11111111      
 11111111       
----------------
1111110100000010

Test 74
        11111111
        11111111
        --------
        11111111
       11111111 
      11111111  
     11111111   
    11111111    
   11111111     
  11111111      
 11111111       
----------------
1111111000000001

Test 75
        11111111
        11111110
        --------
        00000000
       11111111 
      11111111  
     11111111   
    11111111    
   11111111     
  11111111      
 11111111       
----------------
1111110100000010

Test 76
        11111111
        11111110
        --------
        00000000
       11111111 
      11111111  
     11111111   
    11111111    
   11111111     
  11111111      
 11111111       
----------------
1111110100000010

Test 77
        11111110
        11111110
        --------
        00000000
       11111110 
      11111110  
     11111110   
    11111110    
   11111110     
  11111110      
 11111110       
----------------
1111110000000100

Test 78
        11111110
        11111110
        --------
        00000000
       11111110 
      11111110  
     11111110   
    11111110    
   11111110     
  11111110      
 11111110       
----------------
1111110000000100

Test 79
        11111111
        11111110
        --------
        00000000
       11111111 
      11111111  
     11111111   
    11111111    
   11111111     
  11111111      
 11111111       
----------------
1111110100000010

Test 80
        11111111
        11111111
        --------
        11111111
       11111111 
      11111111  
     11111111   
    11111111    
   11111111     
  11111111      
 11111111       
----------------
1111111000000001

Test 81
        11111111
        11111110
        --------
        00000000
       11111111 
      11111111  
     11111111   
    11111111    
   11111111     
  11111111      
 11111111       
----------------
1111110100000010

Test 82
        11111110
        11111110
        --------
        00000000
       11111110 
      11111110  
     11111110   
    11111110    
   11111110     
  11111110      
 11111110       
----------------
1111110000000100

Test 83
        11111111
        11111110
        --------
        00000000
       11111111 
      11111111  
     11111111   
    11111111    
   11111111     
  11111111      
 11111111       
----------------
1111110100000010

Test 84
        11111111
        11111111
        --------
        11111111
       11111111 
      11111111  
     11111111   
    11111111    
   11111111     
  11111111      
 11111111       
----------------
1111111000000001

Test 85
        11111111
        11111110
        --------
        00000000
       11111111 
      11111111  
     11111111   
    11111111    
   11111111     
  11111111      
 11111111       
----------------
1111110100000010

Test 86
        11111110
        11111110
        --------
        00000000
       11111110 
      11111110  
     11111110   
    11111110    
   11111110     
  11111110      
 11111110       
----------------
1111110000000100

Test 87
        11111111
        11111111
        --------
        11111111
       11111111 
      11111111  
     11111111   
    11111111    
   11111111     
  11111111      
 11111111       
----------------
1111111000000001

Test 88
        11111111
        11111111
        --------
        11111111
       11111111 
      11111111  
     11111111   
    11111111    
   11111111     
  11111111      
 11111111       
----------------
1111111000000001

Test 89
        11111111
        11111110
        --------
        00000000
       11111111 
      11111111  
     11111111   
    11111111    
   11111111     
  11111111      
 11111111       
----------------
1111110100000010

Test 90
        11111111
        11111110
        --------
        00000000
       11111111 
      11111111  
     11111111   
    11111111    
   11111111     
  11111111      
 11111111       
----------------
1111110100000010

Test 91
        11111111
        11111111
        --------
        11111111
       11111111 
      11111111  
     11111111   
    11111111    
   11111111     
  11111111      
 11111111       
----------------
1111111000000001

Test 92
        11111111
        11111110
        --------
        00000000
       11111111 
      11111111  
     11111111   
    11111111    
   11111111     
  11111111      
 11111111       
----------------
1111110100000010

Test 93
        11111111
        11111110
        --------
        00000000
       11111111 
      11111111  
     11111111   
    11111111    
   11111111     
  11111111      
 11111111       
----------------
1111110100000010

Test 94
        11111110
        11111110
        --------
        00000000
       11111110 
      11111110  
     11111110   
    11111110    
   11111110     
  11111110      
 11111110       
----------------
1111110000000100

Test 95
        11111111
        11111110
        --------
        00000000
       11111111 
      11111111  
     11111111   
    11111111    
   11111111     
  11111111      
 11111111       
----------------
1111110100000010

Test 96
        11111111
        11111110
        --------
        00000000
       11111111 
      11111111  
     11111111   
    11111111    
   11111111     
  11111111      
 11111111       
----------------
1111110100000010

Test 97
        11111111
        11111111
        --------
        11111111
       11111111 
      11111111  
     11111111   
    11111111    
   11111111     
  11111111      
 11111111       
----------------
1111111000000001

Test 98
        11111111
        11111110
        --------
        00000000
       11111111 
      11111111  
     11111111   
    11111111    
   11111111     
  11111111      
 11111111       
----------------
1111110100000010

Test 99
        11111111
        11111111
        --------
        11111111
       11111111 
      11111111  
     11111111   
    11111111    
   11111111     
  11111111      
 11111111       
----------------
1111111000000001

Test 100
        11111111
        11111110
        --------
        00000000
       11111111 
      11111111  
     11111111   
    11111111    
   11111111     
  11111111      
 11111111       
----------------
1111110100000010

Test 101
        11111111
        11111110
        --------
        00000000
       11111111 
      11111111  
     11111111   
    11111111    
   11111111     
  11111111      
 11111111       
----------------
1111110100000010

Test 102
        11111111
        11111111
        --------
        11111111
       11111111 
      11111111  
     11111111   
    11111111    
   11111111     
  11111111      
 11111111       
----------------
1111111000000001

Test 103
        11111111
        11111110
        --------
        00000000
       11111111 
      11111111  
     11111111   
    11111111    
   11111111     
  11111111      
 11111111       
----------------
1111110100000010

Test 104
        11111111
        11111110
        --------
        00000000
       11111111 
      11111111  
     11111111   
    11111111    
   11111111     
  11111111      
 11111111       
----------------
1111110100000010

Test 105
        11111110
        11111110
        --------
        00000000
       11111110 
      11111110  
     11111110   
    11111110    
   11111110     
  11111110      
 11111110       
----------------
1111110000000100

Test 106
        11111111
        11111111
        --------
        11111111
       11111111 
      11111111  
     11111111   
    11111111    
   11111111     
  11111111      
 11111111       
----------------
1111111000000001

Test 107
        11111110
        11111110
        --------
        00000000
       11111110 
      11111110  
     11111110   
    11111110    
   11111110     
  11111110      
 11111110       
----------------
1111110000000100

Test 108
        11111111
        11111110
        --------
        00000000
       11111111 
      11111111  
     11111111   
    11111111    
   11111111     
  11111111      
 11111111       
----------------
1111110100000010

Test 109
        11111110
        11111110
        --------
        00000000
       11111110 
      11111110  
     11111110   
    11111110    
   11111110     
  11111110      
 11111110       
----------------
1111110000000100

Test 110
        11111110
        11111110
        --------
        00000000
       11111110 
      11111110  
     11111110   
    11111110    
   11111110     
  11111110      
 11111110       
----------------
1111110000000100

Test 111
        11111111
        11111110
        --------
        00000000
       11111111 
      11111111  
     11111111   
    11111111    
   11111111     
  11111111      
 11111111       
----------------
1111110100000010

Test 112
        11111110
        11111110
        --------
        00000000
       11111110 
      11111110  
     11111110   
    11111110    
   11111110     
  11111110      
 11111110       
----------------
1111110000000100

Test 113
        11111111
        11111110
        --------
        00000000
       11111111 
      11111111  
     11111111   
    11111111    
   11111111     
  11111111      
 11111111       
----------------
1111110100000010

Test 114
        11111111
        11111111
        --------
        11111111
       11111111 
      11111111  
     11111111   
    11111111    
   11111111     
  11111111      
 11111111       
----------------
1111111000000001

Test 115
        11111110
        11111110
        --------
        00000000
       11111110 
      11111110  
     11111110   
    11111110    
   11111110     
  11111110      
 11111110       
----------------
1111110000000100

Test 116
        11111111
        11111111
        --------
        11111111
       11111111 
      11111111  
     11111111   
    11111111    
   11111111     
  11111111      
 11111111       
----------------
1111111000000001

Test 117
        11111110
        11111110
        --------
        00000000
       11111110 
      11111110  
     11111110   
    11111110    
   11111110     
  11111110      
 11111110       
----------------
1111110000000100

Test 118
        11111111
        11111110
        --------
        00000000
       11111111 
      11111111  
     11111111   
    11111111    
   11111111     
  11111111      
 11111111       
----------------
1111110100000010

Test 119
        11111110
        11111110
        --------
        00000000
       11111110 
      11111110  
     11111110   
    11111110    
   11111110     
  11111110      
 11111110       
----------------
1111110000000100

Test 120
        11111111
        11111110
        --------
        00000000
       11111111 
      11111111  
     11111111   
    11111111    
   11111111     
  11111111      
 11111111       
----------------
1111110100000010

Test 121
        11111111
        11111110
        --------
        00000000
       11111111 
      11111111  
     11111111   
    11111111    
   11111111     
  11111111      
 11111111       
----------------
1111110100000010

Test 122
        11111110
        11111110
        --------
        00000000
       11111110 
      11111110  
     11111110   
    11111110    
   11111110     
  11111110      
 11111110       
----------------
1111110000000100

Test 123
        11111110
        11111110
        --------
        00000000
       11111110 
      11111110  
     11111110   
    11111110    
   11111110     
  11111110      
 11111110       
----------------
1111110000000100

Test 124
        11111111
        11111111
        --------
        11111111
       11111111 
      11111111  
     11111111   
    11111111    
   11111111     
  11111111      
 11111111       
----------------
1111111000000001

Test 125
        11111111
        11111110
        --------
        00000000
       11111111 
      11111111  
     11111111   
    11111111    
   11111111     
  11111111      
 11111111       
----------------
1111110100000010

Test 126
        11111111
        11111110
        --------
        00000000
       11111111 
      11111111  
     11111111   
    11111111    
   11111111     
  11111111      
 11111111       
----------------
1111110100000010

Test 127
        11111111
        11111111
        --------
        11111111
       11111111 
      11111111  
     11111111   
    11111111    
   11111111     
  11111111      
 11111111       
----------------
1111111000000001

Test 128
        11111111
        11111110
        --------
        00000000
       11111111 
      11111111  
     11111111   
    11111111    
   11111111     
  11111111      
 11111111       
----------------
1111110100000010

Test 129
        11111111
        11111110
        --------
        00000000
       11111111 
      11111111  
     11111111   
    11111111    
   11111111     
  11111111      
 11111111       
----------------
1111110100000010

Test 130
        11111110
        11111110
        --------
        00000000
       11111110 
      11111110  
     11111110   
    11111110    
   11111110     
  11111110      
 11111110       
----------------
1111110000000100

Test 131
        11111110
        11111110
        --------
        00000000
       11111110 
      11111110  
     11111110   
    11111110    
   11111110     
  11111110      
 11111110       
----------------
1111110000000100

Test 132
        11111110
        11111110
        --------
        00000000
       11111110 
      11111110  
     11111110   
    11111110    
   11111110     
  11111110      
 11111110       
----------------
1111110000000100

Test 133
        11111111
        11111111
        --------
        11111111
       11111111 
      11111111  
     11111111   
    11111111    
   11111111     
  11111111      
 11111111       
----------------
1111111000000001

Test 134
        11111110
        11111110
        --------
        00000000
       11111110 
      11111110  
     11111110   
    11111110    
   11111110     
  11111110      
 11111110       
----------------
1111110000000100

Test 135
        11111111
        11111111
        --------
        11111111
       11111111 
      11111111  
     11111111   
    11111111    
   11111111     
  11111111      
 11111111       
----------------
1111111000000001

Test 136
        11111110
        11111110
        --------
        00000000
       11111110 
      11111110  
     11111110   
    11111110    
   11111110     
  11111110      
 11111110       
----------------
1111110000000100

Test 137
        11111111
        11111110
        --------
        00000000
       11111111 
      11111111  
     11111111   
    11111111    
   11111111     
  11111111      
 11111111       
----------------
1111110100000010

Test 138
        11111110
        11111110
        --------
        00000000
       11111110 
      11111110  
     11111110   
    11111110    
   11111110     
  11111110      
 11111110       
----------------
1111110000000100

Test 139
        11111110
        11111110
        --------
        00000000
       11111110 
      11111110  
     11111110   
    11111110    
   11111110     
  11111110      
 11111110       
----------------
1111110000000100

Test 140
        11111110
        11111110
        --------
        00000000
       11111110 
      11111110  
     11111110   
    11111110    
   11111110     
  11111110      
 11111110       
----------------
1111110000000100

Test 141
        11111110
        11111110
        --------
        00000000
       11111110 
      11111110  
     11111110   
    11111110    
   11111110     
  11111110      
 11111110       
----------------
1111110000000100

Test 142
        11111111
        11111111
        --------
        11111111
       11111111 
      11111111  
     11111111   
    11111111    
   11111111     
  11111111      
 11111111       
----------------
1111111000000001

Test 143
        11111111
        11111111
        --------
        11111111
       11111111 
      11111111  
     11111111   
    11111111    
   11111111     
  11111111      
 11111111       
----------------
1111111000000001

Test 144
        11111111
        11111110
        --------
        00000000
       11111111 
      11111111  
     11111111   
    11111111    
   11111111     
  11111111      
 11111111       
----------------
1111110100000010

Test 145
        11111111
        11111110
        --------
        00000000
       11111111 
      11111111  
     11111111   
    11111111    
   11111111     
  11111111      
 11111111       
----------------
1111110100000010

Test 146
        11111111
        11111110
        --------
        00000000
       11111111 
      11111111  
     11111111   
    11111111    
   11111111     
  11111111      
 11111111       
----------------
1111110100000010

Test 147
        11111111
        11111110
        --------
        00000000
       11111111 
      11111111  
     11111111   
    11111111    
   11111111     
  11111111      
 11111111       
----------------
1111110100000010

Test 148
        11111111
        11111110
        --------
        00000000
       11111111 
      11111111  
     11111111   
    11111111    
   11111111     
  11111111      
 11111111       
----------------
1111110100000010

Test 149
        11111111
        11111110
        --------
        00000000
       11111111 
      11111111  
     11111111   
    11111111    
   11111111     
  11111111      
 11111111       
----------------
1111110100000010

Test 150
        11111110
        11111110
        --------
        00000000
       11111110 
      11111110  
     11111110   
    11111110    
   11111110     
  11111110      
 11111110       
----------------
1111110000000100