150
111 110
110 111
110 110
111 111
110 111
110 111
110 110
111 111
110 110
110 110
110 111
111 111
111 110
111 111
110 111
111 111
110 110
111 111
110 111
110 111
111 110
110 111
111 110
111 110
110 110
111 111
110 110
111 110
110 111
110 111
111 111
111 111
111 111
110 111
111 111
111 111
110 111
111 111
111 111
111 111
110 111
110 111
110 110
110 111
111 111
110 111
110 110
110 110
111 110
110 111
111 110
111 111
110 110
111 110
110 110
110 110
111 111
110 110
110 111
111 111
110 110
110 111
111 111
110 111
111 110
110 111
110 110
110 110
110 111
110 111
110 111
111 110
111 110
111 110
110 110
110 111
110 110
110 111
110 111
110 111
111 111
111 111
111 110
110 111
111 110
110 110
110 110
110 110
110 111
110 110
111 110
110 111
111 110
110 111
111 111
111 111
111 110
111 110
111 111
111 111
110 111
110 110
111 110
110 110
111 111
111 110
110 110
111 110
110 110
110 111
110 110
110 110
111 110
111 111
110 110
111 111
111 111
110 110
111 111
110 111
110 110
110 110
111 111
111 110
110 111
110 110
111 111
110 110
111 110
110 110
110 111
111 110
110 111
111 110
110 111
111 111
110 110
111 111
110 110
110 110
111 111
111 110
111 110
110 110
110 110
111 110
110 111
110 110
110 111
110 110

