150
11111110 11111110
11111110 11111110
11111110 11111110
11111110 11111110
11111111 11111111
11111110 11111110
11111111 11111110
11111111 11111110
11111111 11111111
11111110 11111110
11111111 11111110
11111111 11111111
11111111 11111110
11111111 11111110
11111111 11111110
11111111 11111110
11111111 11111111
11111111 11111111
11111111 11111111
11111111 11111110
11111110 11111110
11111111 11111111
11111111 11111111
11111110 11111110
11111110 11111110
11111110 11111110
11111111 11111110
11111110 11111110
11111111 11111110
11111110 11111110
11111110 11111110
11111110 11111110
11111111 11111111
11111110 11111110
11111110 11111110
11111111 11111110
11111111 11111110
11111110 11111110
11111111 11111110
11111111 11111110
11111111 11111110
11111110 11111110
11111111 11111110
11111111 11111110
11111111 11111110
11111111 11111110
11111111 11111111
11111111 11111110
11111111 11111110
11111111 11111110
11111110 11111110
11111110 11111110
11111110 11111110
11111111 11111110
11111111 11111110
11111111 11111111
11111111 11111110
11111110 11111110
11111111 11111110
11111111 11111110
11111111 11111110
11111111 11111110
11111110 11111110
11111111 11111111
11111111 11111110
11111111 11111111
11111111 11111110
11111111 11111110
11111111 11111110
11111111 11111110
11111110 11111110
11111111 11111110
11111111 11111110
11111111 11111111
11111111 11111110
11111111 11111110
11111110 11111110
11111110 11111110
11111111 11111110
11111111 11111111
11111111 11111110
11111110 11111110
11111111 11111110
11111111 11111111
11111111 11111110
11111110 11111110
11111111 11111111
11111111 11111111
11111111 11111110
11111111 11111110
11111111 11111111
11111111 11111110
11111111 11111110
11111110 11111110
11111111 11111110
11111111 11111110
11111111 11111111
11111111 11111110
11111111 11111111
11111111 11111110
11111111 11111110
11111111 11111111
11111111 11111110
11111111 11111110
11111110 11111110
11111111 11111111
11111110 11111110
11111111 11111110
11111110 11111110
11111110 11111110
11111111 11111110
11111110 11111110
11111111 11111110
11111111 11111111
11111110 11111110
11111111 11111111
11111110 11111110
11111111 11111110
11111110 11111110
11111111 11111110
11111111 11111110
11111110 11111110
11111110 11111110
11111111 11111111
11111111 11111110
11111111 11111110
11111111 11111111
11111111 11111110
11111111 11111110
11111110 11111110
11111110 11111110
11111110 11111110
11111111 11111111
11111110 11111110
11111111 11111111
11111110 11111110
11111111 11111110
11111110 11111110
11111110 11111110
11111110 11111110
11111110 11111110
11111111 11111111
11111111 11111111
11111111 11111110
11111111 11111110
11111111 11111110
11111111 11111110
11111111 11111110
11111111 11111110
11111110 11111110

